chrom	length	bases	mean	min	max
scaffold_1	433818416	13923796303	32.10	0	288
scaffold_2	374159211	11851533936	31.68	0	462
scaffold_3	264040294	8399475816	31.81	0	141
scaffold_4	215888951	6732493724	31.18	0	140
scaffold_5	141679618	4423090381	31.22	0	379
scaffold_6	106276195	3117110810	29.33	0	205
scaffold_7	37725804	1012943194	26.85	0	177
scaffold_8	30242353	890825636	29.46	0	104
scaffold_9	27315184	745652905	27.30	0	214
scaffold_10	26902418	735712046	27.35	0	116
scaffold_11	24738797	664142540	26.85	0	88
scaffold_12	21645520	585867051	27.07	0	114
scaffold_13	16465782	422633044	25.67	0	88
scaffold_14	11408651	283746015	24.87	0	80
scaffold_15	7290566	167767341	23.01	0	59
scaffold_16	6691905	166974399	24.95	0	137
scaffold_17	2900203	52669745	18.16	0	77
scaffold_18	2362523	73819974	31.25	0	68
scaffold_19	2349300	31602383	13.45	0	33
scaffold_20	2238310	69710860	31.14	0	137
scaffold_21	2202870	45155107	20.50	1	66
scaffold_22	1848028	27375071	14.81	0	59
scaffold_23	1648134	53315561	32.35	1	119
scaffold_24	1409816	35502142	25.18	0	119
scaffold_25	1404857	34070651	24.25	0	94
scaffold_26	1400523	23070022	16.47	0	57
scaffold_27	1379174	36099431	26.17	0	56
scaffold_28	1257518	15191357	12.08	0	61
scaffold_29	1222657	43403735	35.50	0	74
scaffold_30	1222161	19731061	16.14	0	51
scaffold_31	1210146	42879012	35.43	1	112
scaffold_32	1154867	23713000	20.53	0	109
scaffold_33	1107362	32092250	28.98	0	77
scaffold_34	1049480	23274356	22.18	1	76
scaffold_35	1034505	31221641	30.18	0	325
scaffold_36	1031907	26640590	25.82	0	86
scaffold_37	1019793	38523067	37.78	0	174
scaffold_38	1017014	33588422	33.03	2	69
scaffold_39	1007575	18645860	18.51	0	84
scaffold_40	1000797	27666119	27.64	0	152
scaffold_41	953726	15347779	16.09	0	63
scaffold_42	897075	28013209	31.23	0	119
scaffold_43	883926	10739530	12.15	0	52
scaffold_44	845297	37611729	44.50	0	83
scaffold_45	834199	12786386	15.33	0	59
scaffold_46	831916	23142229	27.82	0	67
scaffold_47	790616	21756077	27.52	0	91
scaffold_48	787744	18791489	23.85	0	57
scaffold_49	745726	32580440	43.69	0	132
scaffold_50	731302	10610995	14.51	1	53
scaffold_51	650559	16818656	25.85	0	48
scaffold_52	612115	460094	0.75	0	17
scaffold_53	608029	12864134	21.16	1	48
scaffold_54	606537	19907553	32.82	2	73
scaffold_55	581113	10583982	18.21	0	68
scaffold_56	568071	24801345	43.66	0	104
scaffold_57	531746	15718191	29.56	1	109
scaffold_58	523253	7974042	15.24	0	66
scaffold_59	503251	11428349	22.71	0	67
scaffold_60	500251	9357128	18.70	0	97
scaffold_61	499141	11589357	23.22	0	132
scaffold_62	498180	12526590	25.14	0	149
scaffold_63	494403	8516320	17.23	0	47
scaffold_64	489688	15481959	31.62	0	55
scaffold_65	479963	12121220	25.25	0	71
scaffold_66	479169	1135723	2.37	0	16
scaffold_67	478721	9689826	20.24	0	56
scaffold_68	476997	7743238	16.23	0	56
scaffold_69	476687	6542433	13.72	0	68
scaffold_70	470128	12428932	26.44	0	70
scaffold_71	466626	8103820	17.37	0	102
scaffold_72	454818	7690074	16.91	0	69
scaffold_73	451592	7336627	16.25	0	50
scaffold_74	449051	604991	1.35	0	19
scaffold_75	448426	11654890	25.99	0	77
scaffold_76	439809	5065177	11.52	0	27
scaffold_77	433034	9355214	21.60	0	84
scaffold_78	423230	6808021	16.09	0	67
scaffold_79	421539	15177088	36.00	0	155
scaffold_80	412472	4847330	11.75	0	59
scaffold_81	409760	11457293	27.96	0	55
scaffold_82	404428	17883894	44.22	2	68
scaffold_83	402298	10009862	24.88	0	81
scaffold_84	400748	3054078	7.62	0	62
scaffold_85	392931	724413	1.84	0	15
scaffold_86	379820	2375649	6.25	0	24
scaffold_87	374446	5977641	15.96	0	73
scaffold_88	369562	8033066	21.74	1	79
scaffold_89	369281	5561633	15.06	2	70
scaffold_90	368519	4464623	12.12	0	31
scaffold_91	367633	8076879	21.97	1	99
scaffold_92	367367	12838832	34.95	0	128
scaffold_93	364891	7911819	21.68	0	46
scaffold_94	362330	7959707	21.97	1	40
scaffold_95	360548	7187769	19.94	0	93
scaffold_96	359601	5940317	16.52	0	61
scaffold_97	359495	3598529	10.01	0	52
scaffold_98	353152	7201752	20.39	0	1141
scaffold_99	341590	8234954	24.11	2	46
scaffold_100	340558	3424813	10.06	1	20
scaffold_101	338114	6741816	19.94	0	102
scaffold_102	335191	2649794	7.91	0	20
scaffold_103	333077	9370384	28.13	0	67
scaffold_104	332053	2824487	8.51	0	57
scaffold_105	326937	2968748	9.08	1	21
scaffold_106	325617	2039636	6.26	0	90
scaffold_107	323560	14622946	45.19	3	136
scaffold_108	320705	4290744	13.38	0	59
scaffold_109	318135	6884506	21.64	1	45
scaffold_110	314821	5151598	16.36	1	97
scaffold_111	312688	8260200	26.42	1	107
scaffold_112	309938	7243527	23.37	0	69
scaffold_113	307709	8170004	26.55	4	75
scaffold_114	305288	3587045	11.75	0	57
scaffold_115	304878	1111816	3.65	0	31
scaffold_116	304505	9398887	30.87	0	90
scaffold_117	298976	6704161	22.42	0	51
scaffold_118	296131	2156456	7.28	0	26
scaffold_119	295038	1831867	6.21	0	25
scaffold_120	293818	9434136	32.11	0	109
scaffold_121	292917	8151081	27.83	4	50
scaffold_122	292505	5888896	20.13	0	63
scaffold_123	289688	5094500	17.59	3	45
scaffold_124	286676	1975067	6.89	0	50
scaffold_125	285894	2208515	7.72	0	22
scaffold_126	283160	9086425	32.09	6	73
scaffold_127	283050	3885792	13.73	0	53
scaffold_128	279807	11166965	39.91	2	89
scaffold_129	277997	0	0.00	0	0
scaffold_130	277259	8136921	29.35	0	55
scaffold_131	276256	730933	2.65	0	37
scaffold_132	271806	5339851	19.65	0	64
scaffold_133	264729	4987339	18.84	0	43
scaffold_134	262835	6034292	22.96	0	57
scaffold_135	259951	6092356	23.44	0	51
scaffold_136	249704	2718482	10.89	0	48
scaffold_137	244692	4741814	19.38	1	53
scaffold_138	239703	5398751	22.52	0	47
scaffold_139	236976	7490259	31.61	0	65
scaffold_140	234590	3333470	14.21	0	40
scaffold_141	229634	1851665	8.06	1	23
scaffold_142	228602	4481158	19.60	0	47
scaffold_143	228390	73355	0.32	0	3
scaffold_144	228300	9008538	39.46	0	133
scaffold_145	228172	33337	0.15	0	2
scaffold_146	227336	473823	2.08	0	25
scaffold_147	225051	1154207	5.13	0	26
scaffold_148	224071	247187	1.10	0	15
scaffold_149	223632	7308506	32.68	15	65
scaffold_150	223132	9101518	40.79	0	120
scaffold_151	220925	13817299	62.54	6	131
scaffold_152	220171	2364155	10.74	0	33
scaffold_153	220078	387142	1.76	0	18
scaffold_154	219788	1991171	9.06	0	37
scaffold_155	218661	8811752	40.30	0	97
scaffold_156	217846	4927084	22.62	2	38
scaffold_157	216701	1828991	8.44	1	30
scaffold_158	214684	100819	0.47	0	4
scaffold_159	214050	4127390	19.28	1	47
scaffold_160	213526	4500801	21.08	2	100
scaffold_161	211760	1886450	8.91	1	31
scaffold_162	209362	5414464	25.86	3	107
scaffold_163	208616	2241183	10.74	0	51
scaffold_164	208212	2792347	13.41	0	43
scaffold_165	205720	3677119	17.87	0	62
scaffold_166	205375	1937720	9.44	0	70
scaffold_167	203825	429820	2.11	0	16
scaffold_168	198128	4650066	23.47	0	76
scaffold_169	198029	1028360	5.19	0	57
scaffold_170	196096	8754447	44.64	0	95
scaffold_171	195184	3549621	18.19	1	44
scaffold_172	193363	292999	1.52	0	14
scaffold_173	188650	5484	0.03	0	3
scaffold_174	187838	1035484	5.51	0	21
scaffold_175	186130	3637771	19.54	1	50
scaffold_176	185632	1986179	10.70	1	24
scaffold_177	184614	488287	2.64	0	33
scaffold_178	183745	0	0.00	0	0
scaffold_179	183308	1032293	5.63	0	52
scaffold_180	183041	0	0.00	0	0
scaffold_181	182786	2309647	12.64	1	47
scaffold_182	182661	2095448	11.47	0	36
scaffold_183	182506	3964584	21.72	0	82
scaffold_184	181809	5136791	28.25	11	42
scaffold_185	181025	5299098	29.27	0	67
scaffold_186	179330	1452574	8.10	0	26
scaffold_187	178242	831748	4.67	0	19
scaffold_188	176562	4878349	27.63	1	51
scaffold_189	175725	4853053	27.62	1	47
scaffold_190	175164	0	0.00	0	0
scaffold_191	174442	5446484	31.22	0	94
scaffold_192	170756	3643451	21.34	3	35
scaffold_193	169963	287679	1.69	0	8
scaffold_194	167613	34600	0.21	0	2
scaffold_195	163733	4171856	25.48	5	49
scaffold_196	160022	4899561	30.62	1	71
scaffold_197	160013	824336	5.15	0	20
scaffold_198	157347	1523722	9.68	0	32
scaffold_199	157063	1798149	11.45	0	35
scaffold_200	156898	3089329	19.69	0	49
scaffold_201	154978	3180738	20.52	1	37
scaffold_202	152195	1503331	9.88	2	30
scaffold_203	151449	1084596	7.16	0	15
scaffold_204	149314	3324873	22.27	0	47
scaffold_205	149041	764740	5.13	0	50
scaffold_206	144444	783939	5.43	0	28
scaffold_207	144111	3090616	21.45	0	79
scaffold_208	143910	2372620	16.49	0	55
scaffold_209	143870	311188	2.16	0	15
scaffold_210	143339	1207730	8.43	0	28
scaffold_211	142905	3608287	25.25	6	44
scaffold_212	142643	2642779	18.53	1	34
scaffold_213	140127	3200530	22.84	2	35
scaffold_214	140094	47832	0.34	0	4
scaffold_215	138233	3987579	28.85	1	42
scaffold_216	137976	55923	0.41	0	4
scaffold_217	137712	1345997	9.77	0	33
scaffold_218	136938	1281960	9.36	0	23
scaffold_219	136877	325078	2.37	0	16
scaffold_220	136118	446600	3.28	0	16
scaffold_221	135310	374200	2.77	0	26
scaffold_222	135138	0	0.00	0	0
scaffold_223	134945	1605928	11.90	2	27
scaffold_224	134762	1321207	9.80	1	25
scaffold_225	134167	1765	0.01	0	1
scaffold_226	133653	519630	3.89	1	10
scaffold_227	131809	2752570	20.88	1	36
scaffold_228	131609	926617	7.04	0	16
scaffold_229	131252	3516706	26.79	1	43
scaffold_230	130440	3400316	26.07	2	44
scaffold_231	130039	1596767	12.28	0	50
scaffold_232	129571	2662178	20.55	1	47
scaffold_233	129553	257072	1.98	0	17
scaffold_234	129223	1876087	14.52	1	24
scaffold_235	127787	3453037	27.02	0	112
scaffold_236	127134	5013177	39.43	8	86
scaffold_237	126884	5272449	41.55	2	122
scaffold_238	126055	1120931	8.89	1	17
scaffold_239	124904	292682	2.34	0	15
scaffold_240	124507	457402	3.67	0	17
scaffold_241	124030	64517	0.52	0	5
scaffold_242	123794	252060	2.04	0	17
scaffold_243	123700	804133	6.50	0	23
scaffold_244	123328	287160	2.33	0	10
scaffold_245	122924	1361552	11.08	0	27
scaffold_246	122459	2031578	16.59	1	53
scaffold_247	122445	472782	3.86	0	30
scaffold_248	122394	2513503	20.54	7	35
scaffold_249	121834	1114914	9.15	1	26
scaffold_250	121645	3471858	28.54	0	44
scaffold_251	120435	2348313	19.50	1	32
scaffold_252	120217	17570	0.15	0	2
scaffold_253	120199	128420	1.07	0	9
scaffold_254	120058	748143	6.23	0	39
scaffold_255	118989	734052	6.17	0	34
scaffold_256	118916	5897751	49.60	2	77
scaffold_257	117412	4392444	37.41	3	112
scaffold_258	117326	437953	3.73	0	21
scaffold_259	116398	1031360	8.86	0	41
scaffold_260	116169	2103612	18.11	2	37
scaffold_261	116113	1627223	14.01	3	31
scaffold_262	115569	923301	7.99	1	20
scaffold_263	115441	613132	5.31	0	46
scaffold_264	115142	1505794	13.08	1	24
scaffold_265	114856	1177381	10.25	1	21
scaffold_266	114291	2710898	23.72	1	39
scaffold_267	113794	2643297	23.23	2	45
scaffold_268	112435	1212724	10.79	0	63
scaffold_269	112029	2214110	19.76	2	36
scaffold_270	111947	11475	0.10	0	1
scaffold_271	111333	1239537	11.13	0	25
scaffold_272	111280	4475757	40.22	2	101
scaffold_273	109794	930038	8.47	0	28
scaffold_274	109620	2224005	20.29	2	39
scaffold_275	108685	1452276	13.36	1	34
scaffold_276	108462	639706	5.90	1	13
scaffold_277	108004	10196	0.09	0	1
scaffold_278	107284	2332243	21.74	4	44
scaffold_279	106543	1065170	10.00	2	18
scaffold_280	105848	979637	9.26	0	57
scaffold_281	105640	11995	0.11	0	2
scaffold_282	105087	0	0.00	0	0
scaffold_283	104954	1087861	10.37	0	57
scaffold_284	104040	30633	0.29	0	1
scaffold_285	103246	2048223	19.84	1	45
scaffold_286	102931	2741915	26.64	4	52
scaffold_287	102807	752381	7.32	2	14
scaffold_288	102741	239225	2.33	0	14
scaffold_289	102681	411675	4.01	0	24
scaffold_290	102243	2504446	24.50	9	38
scaffold_291	100801	2859399	28.37	1	48
scaffold_292	100528	1184945	11.79	1	30
scaffold_293	100309	245321	2.45	0	17
scaffold_294	100055	4423287	44.21	7	81
scaffold_295	100005	608787	6.09	0	21
scaffold_296	99630	2620360	26.30	1	49
scaffold_297	99502	1595091	16.03	1	38
scaffold_298	99277	2505071	25.23	7	38
scaffold_299	98599	2066009	20.95	4	35
scaffold_300	98307	2271331	23.10	0	42
scaffold_301	97016	20068	0.21	0	6
scaffold_302	96953	315016	3.25	0	25
scaffold_303	96708	97358	1.01	0	7
scaffold_304	96617	184048	1.90	0	13
scaffold_305	96543	388364	4.02	0	25
scaffold_306	94555	0	0.00	0	0
scaffold_307	94519	1310064	13.86	5	24
scaffold_308	93847	1810556	19.29	1	49
scaffold_309	93781	14755	0.16	0	1
scaffold_310	92770	0	0.00	0	0
scaffold_311	92043	224137	2.44	0	12
scaffold_312	92011	40376	0.44	0	4
scaffold_313	91879	665919	7.25	1	19
scaffold_314	91674	0	0.00	0	0
scaffold_315	91198	2045357	22.43	1	42
scaffold_316	90772	240819	2.65	0	14
scaffold_317	90449	19315	0.21	0	4
scaffold_318	90322	152921	1.69	0	11
scaffold_319	89516	2115256	23.63	1	60
scaffold_320	89305	11447	0.13	0	1
scaffold_321	89219	1330156	14.91	0	28
scaffold_322	89123	17834	0.20	0	1
scaffold_323	89080	46488	0.52	0	2
scaffold_324	88707	812807	9.16	3	15
scaffold_325	88548	1580969	17.85	4	37
scaffold_326	88448	3241479	36.65	9	57
scaffold_327	87773	0	0.00	0	0
scaffold_328	87600	2199100	25.10	2	44
scaffold_329	87177	1075826	12.34	0	73
scaffold_330	87078	42566	0.49	0	3
scaffold_331	86936	1079403	12.42	2	22
scaffold_332	86025	0	0.00	0	0
scaffold_333	86012	0	0.00	0	0
scaffold_334	85942	810465	9.43	1	18
scaffold_335	85666	114503	1.34	0	6
scaffold_336	84562	524793	6.21	0	18
scaffold_337	83943	1027027	12.23	2	30
scaffold_338	83808	1775345	21.18	6	56
scaffold_339	83444	3778	0.05	0	5
scaffold_340	83226	145208	1.74	0	5
scaffold_341	82568	696469	8.44	0	18
scaffold_342	82393	0	0.00	0	0
scaffold_343	82266	689130	8.38	0	28
scaffold_344	82041	655371	7.99	2	14
scaffold_345	82002	536381	6.54	0	12
scaffold_346	81933	878367	10.72	0	29
scaffold_347	81266	1575888	19.39	3	38
scaffold_348	80199	788261	9.83	0	38
scaffold_349	79568	10951	0.14	0	1
scaffold_350	79363	4092	0.05	0	2
scaffold_351	79313	2839127	35.80	1	77
scaffold_352	79084	1090512	13.79	0	26
scaffold_353	77938	1164130	14.94	1	22
scaffold_354	77750	0	0.00	0	0
scaffold_355	77722	29800	0.38	0	2
scaffold_356	77649	12702	0.16	0	1
scaffold_357	77608	13867	0.18	0	4
scaffold_358	76890	0	0.00	0	0
scaffold_359	76436	1722699	22.54	5	34
scaffold_360	76350	1503304	19.69	1	30
scaffold_361	76301	754050	9.88	0	26
scaffold_362	76025	29711	0.39	0	2
scaffold_363	75728	1339366	17.69	2	31
scaffold_364	75704	49685	0.66	0	4
scaffold_365	75380	973787	12.92	0	28
scaffold_366	75348	268617	3.57	1	6
scaffold_367	75289	995824	13.23	3	32
scaffold_368	75108	1473812	19.62	1	35
scaffold_369	74913	140392	1.87	0	9
scaffold_370	74847	1656878	22.14	1	39
scaffold_371	74649	1149021	15.39	2	33
scaffold_372	74567	2170415	29.11	5	68
scaffold_373	74042	1267328	17.12	2	37
scaffold_374	73901	1331097	18.01	1	27
scaffold_375	73489	347302	4.73	0	10
scaffold_376	73365	661332	9.01	2	18
scaffold_377	73124	1297093	17.74	4	31
scaffold_378	72880	48355	0.66	0	4
scaffold_379	72519	0	0.00	0	0
scaffold_380	72103	935932	12.98	0	36
scaffold_381	71845	0	0.00	0	0
scaffold_382	71545	730509	10.21	1	27
scaffold_383	71419	3300	0.05	0	1
scaffold_384	71261	1099506	15.43	0	35
scaffold_385	71025	1969	0.03	0	1
scaffold_386	70752	713922	10.09	1	23
scaffold_387	70306	1646773	23.42	5	35
scaffold_388	69698	16408	0.24	0	2
scaffold_389	69319	895830	12.92	1	34
scaffold_390	69129	275226	3.98	0	16
scaffold_391	69086	949668	13.75	1	26
scaffold_392	69051	2161519	31.30	3	54
scaffold_393	68985	352940	5.12	0	26
scaffold_394	68952	877968	12.73	0	29
scaffold_395	68864	0	0.00	0	0
scaffold_396	68817	1146232	16.66	1	29
scaffold_397	68557	1693690	24.70	7	40
scaffold_398	68543	0	0.00	0	0
scaffold_399	67661	420763	6.22	1	13
scaffold_400	66810	1840156	27.54	1	39
scaffold_401	66562	2233492	33.56	0	70
scaffold_402	66307	564728	8.52	1	25
scaffold_403	66303	1836938	27.71	1	44
scaffold_404	65920	1567156	23.77	1	36
scaffold_405	65592	198178	3.02	0	18
scaffold_406	65513	8162	0.12	0	1
scaffold_407	65488	1346411	20.56	0	51
scaffold_408	65306	1582538	24.23	7	39
scaffold_409	64661	1629070	25.19	10	53
scaffold_410	64659	1750813	27.08	2	59
scaffold_411	64645	942454	14.58	2	26
scaffold_412	64519	2532794	39.26	3	66
scaffold_413	64421	0	0.00	0	0
scaffold_414	64294	25551	0.40	0	1
scaffold_415	64139	0	0.00	0	0
scaffold_416	64023	1176052	18.37	1	27
scaffold_417	63819	677036	10.61	1	19
scaffold_418	63573	1349447	21.23	0	113
scaffold_419	63557	953773	15.01	0	48
scaffold_420	63361	1809220	28.55	2	37
scaffold_421	63010	1206132	19.14	4	29
scaffold_422	62719	0	0.00	0	0
scaffold_423	62705	1212848	19.34	1	115
scaffold_424	62510	305886	4.89	2	9
scaffold_425	62419	1251731	20.05	1	38
scaffold_426	62327	1164829	18.69	1	50
scaffold_427	61853	407759	6.59	2	14
scaffold_428	61761	506633	8.20	1	19
scaffold_429	61738	970664	15.72	2	31
scaffold_430	61691	675810	10.95	0	45
scaffold_431	61517	720345	11.71	1	69
scaffold_432	61373	20472	0.33	0	2
scaffold_433	61270	522479	8.53	1	18
scaffold_434	60940	1266155	20.78	1	38
scaffold_435	60581	1192480	19.68	1	42
scaffold_436	60529	215697	3.56	1	6
scaffold_437	60444	314102	5.20	1	10
scaffold_438	60339	0	0.00	0	0
scaffold_439	60337	1035714	17.17	5	28
scaffold_440	59822	1274291	21.30	4	51
scaffold_441	59510	2424245	40.74	1	70
scaffold_442	59140	298245	5.04	1	11
scaffold_443	59053	577787	9.78	2	15
scaffold_444	58940	552913	9.38	3	18
scaffold_445	58899	361	0.01	0	1
scaffold_446	58787	596527	10.15	1	18
scaffold_447	58638	1125906	19.20	3	32
scaffold_448	58543	1916157	32.73	2	129
scaffold_449	58401	1452593	24.87	4	41
scaffold_450	58024	698677	12.04	0	47
scaffold_451	57872	177300	3.06	0	11
scaffold_452	57828	226976	3.93	0	13
scaffold_453	57561	97931	1.70	0	9
scaffold_454	57341	157123	2.74	0	11
scaffold_455	57193	1378382	24.10	10	33
scaffold_456	56775	621726	10.95	1	21
scaffold_457	56632	2616	0.05	0	1
scaffold_458	56605	0	0.00	0	0
scaffold_459	56582	5537	0.10	0	1
scaffold_460	56580	170087	3.01	1	7
scaffold_461	56467	1079503	19.12	1	36
scaffold_462	56402	1006683	17.85	1	42
scaffold_463	56314	553766	9.83	1	26
scaffold_464	56298	1630971	28.97	5	125
scaffold_465	56270	995539	17.69	1	29
scaffold_466	55813	2619	0.05	0	1
scaffold_467	55786	567805	10.18	2	18
scaffold_468	55678	290693	5.22	0	20
scaffold_469	55658	1063581	19.11	2	28
scaffold_470	55380	1544430	27.89	1	66
scaffold_471	54987	2370640	43.11	1	62
scaffold_472	54919	514216	9.36	1	23
scaffold_473	54876	165379	3.01	0	11
scaffold_474	54832	1262290	23.02	0	38
scaffold_475	54824	991593	18.09	6	35
scaffold_476	54543	848529	15.56	1	29
scaffold_477	54343	1125257	20.71	1	35
scaffold_478	54310	642883	11.84	1	22
scaffold_479	54307	0	0.00	0	0
scaffold_480	54199	0	0.00	0	0
scaffold_481	54030	896587	16.59	2	28
scaffold_482	53860	500385	9.29	0	19
scaffold_483	53785	17584	0.33	0	3
scaffold_484	53560	1379923	25.76	1	37
scaffold_485	53450	21618	0.40	0	6
scaffold_486	53203	197967	3.72	0	9
scaffold_487	53016	1138425	21.47	5	35
scaffold_488	52897	16684	0.32	0	4
scaffold_489	52690	3634979	68.99	1	659
scaffold_490	52628	861227	16.36	1	24
scaffold_491	52441	1248215	23.80	7	31
scaffold_492	52350	522480	9.98	0	21
scaffold_493	52050	0	0.00	0	0
scaffold_494	51992	0	0.00	0	0
scaffold_495	51953	1309652	25.21	3	41
scaffold_496	51852	0	0.00	0	0
scaffold_497	51849	38982	0.75	0	3
scaffold_498	51799	0	0.00	0	0
scaffold_499	51744	546255	10.56	2	19
scaffold_500	51676	0	0.00	0	0
scaffold_501	51586	872007	16.90	4	57
scaffold_502	51442	756110	14.70	1	30
scaffold_503	51377	146461	2.85	1	5
scaffold_504	51371	10403	0.20	0	1
scaffold_505	51073	149297	2.92	0	12
scaffold_506	51040	398141	7.80	0	22
scaffold_507	51027	727175	14.25	1	23
scaffold_508	50985	361786	7.10	1	13
scaffold_509	50962	521903	10.24	1	21
scaffold_510	50804	853771	16.81	1	30
scaffold_511	50783	522175	10.28	1	21
scaffold_512	50590	1955	0.04	0	1
scaffold_513	50207	811687	16.17	2	40
scaffold_514	49934	1282312	25.68	1	42
scaffold_515	49780	736130	14.79	1	25
scaffold_516	49683	97228	1.96	0	7
scaffold_517	49639	961295	19.37	1	32
scaffold_518	49464	1040788	21.04	1	46
scaffold_519	49316	328	0.01	0	1
scaffold_520	49263	0	0.00	0	0
scaffold_521	48948	11813	0.24	0	1
scaffold_522	48740	1261270	25.88	1	90
scaffold_523	48629	0	0.00	0	0
scaffold_524	48539	944001	19.45	1	29
scaffold_525	48505	461315	9.51	1	17
scaffold_526	48339	886070	18.33	2	28
scaffold_527	48294	122341	2.53	0	11
scaffold_528	48187	11324	0.24	0	1
scaffold_529	48095	724990	15.07	1	26
scaffold_530	48020	187233	3.90	1	9
scaffold_531	47999	254960	5.31	1	12
scaffold_532	47969	775984	16.18	2	25
scaffold_533	47964	0	0.00	0	0
scaffold_534	47922	788057	16.44	0	34
scaffold_535	47900	436000	9.10	2	17
scaffold_536	47791	708481	14.82	1	41
scaffold_537	47677	2778906	58.29	1	511
scaffold_538	47459	61612	1.30	0	5
scaffold_539	47371	0	0.00	0	0
scaffold_540	47109	35596	0.76	0	5
scaffold_541	46800	454219	9.71	1	17
scaffold_542	46795	529434	11.31	1	25
scaffold_543	46794	648595	13.86	1	21
scaffold_544	46618	444185	9.53	0	30
scaffold_545	46524	0	0.00	0	0
scaffold_546	46489	334515	7.20	3	13
scaffold_547	46360	264717	5.71	2	11
scaffold_548	46294	87400	1.89	0	7
scaffold_549	46126	559389	12.13	1	22
scaffold_550	45921	229677	5.00	0	15
scaffold_551	45918	299374	6.52	0	18
scaffold_552	45874	0	0.00	0	0
scaffold_553	45661	655280	14.35	2	48
scaffold_554	45636	0	0.00	0	0
scaffold_555	45594	578887	12.70	2	20
scaffold_556	45428	189385	4.17	0	11
scaffold_557	45410	0	0.00	0	0
scaffold_558	45362	385752	8.50	1	12
scaffold_559	45214	987769	21.85	6	36
scaffold_560	44963	0	0.00	0	0
scaffold_561	44905	687880	15.32	5	22
scaffold_562	44836	521098	11.62	1	33
scaffold_563	44692	0	0.00	0	0
scaffold_564	44629	375028	8.40	1	18
scaffold_565	44487	503176	11.31	1	26
scaffold_566	44450	695543	15.65	2	25
scaffold_567	44448	1655155	37.24	0	80
scaffold_568	44437	850911	19.15	6	37
scaffold_569	44303	115377	2.60	0	8
scaffold_570	44237	683978	15.46	0	35
scaffold_571	44166	560781	12.70	5	20
scaffold_572	44029	292110	6.63	1	13
scaffold_573	44027	265923	6.04	0	19
scaffold_574	43804	418791	9.56	1	20
scaffold_575	43713	138283	3.16	1	5
scaffold_576	43579	111084	2.55	0	8
scaffold_577	43572	0	0.00	0	0
scaffold_578	43561	251107	5.76	0	17
scaffold_579	43397	1111245	25.61	6	55
scaffold_580	43308	657943	15.19	1	32
scaffold_581	43154	0	0.00	0	0
scaffold_582	43098	675311	15.67	2	23
scaffold_583	43096	172461	4.00	1	8
scaffold_584	43073	377098	8.75	2	18
scaffold_585	42956	52511	1.22	0	7
scaffold_586	42942	9062	0.21	0	1
scaffold_587	42940	969862	22.59	1	41
scaffold_588	42932	182771	4.26	1	8
scaffold_589	42880	289405	6.75	0	17
scaffold_590	42871	826379	19.28	1	35
scaffold_591	42828	467870	10.92	3	23
scaffold_592	42719	286842	6.71	1	10
scaffold_593	42719	4782	0.11	0	4
scaffold_594	42714	335107	7.85	2	13
scaffold_595	42704	35761	0.84	0	3
scaffold_596	42698	334282	7.83	1	13
scaffold_597	42595	366464	8.60	1	13
scaffold_598	42556	715677	16.82	2	25
scaffold_599	42555	1681977	39.52	7	72
scaffold_600	42373	765211	18.06	1	28
scaffold_601	42256	719284	17.02	0	55
scaffold_602	42229	0	0.00	0	0
scaffold_603	42186	375853	8.91	1	20
scaffold_604	42180	492024	11.66	1	25
scaffold_605	42167	218946	5.19	1	10
scaffold_606	42154	651	0.02	0	1
scaffold_607	42040	404071	9.61	1	17
scaffold_608	42022	641333	15.26	3	53
scaffold_609	41974	104327	2.49	1	4
scaffold_610	41914	408979	9.76	1	21
scaffold_611	41840	527229	12.60	1	24
scaffold_612	41798	576900	13.80	1	31
scaffold_613	41606	628672	15.11	1	24
scaffold_614	41603	1036692	24.92	1	54
scaffold_615	41569	278367	6.70	0	17
scaffold_616	41414	256268	6.19	0	15
scaffold_617	41329	341674	8.27	1	12
scaffold_618	41270	703034	17.03	1	25
scaffold_619	41134	2817	0.07	0	1
scaffold_620	41054	509953	12.42	4	17
scaffold_621	40854	1486979	36.40	1	70
scaffold_622	40783	380676	9.33	2	18
scaffold_623	40739	438864	10.77	0	28
scaffold_624	40600	68049	1.68	0	6
scaffold_625	40549	0	0.00	0	0
scaffold_626	40315	824668	20.46	0	55
scaffold_627	40251	390813	9.71	1	15
scaffold_628	40114	889145	22.17	3	37
scaffold_629	40057	792687	19.79	1	35
scaffold_630	40003	2481	0.06	0	1
scaffold_631	39925	912379	22.85	6	33
scaffold_632	39830	373410	9.38	2	22
scaffold_633	39761	9996	0.25	0	1
scaffold_634	39552	606444	15.33	1	28
scaffold_635	39488	714569	18.10	1	40
scaffold_636	39353	1172171	29.79	1	210
scaffold_637	39307	376919	9.59	1	20
scaffold_638	39285	662151	16.86	1	35
scaffold_639	39139	0	0.00	0	0
scaffold_640	38944	186164	4.78	0	12
scaffold_641	38940	709171	18.21	6	32
scaffold_642	38676	544437	14.08	1	19
scaffold_643	38577	597919	15.50	1	37
scaffold_644	38576	320483	8.31	1	14
scaffold_645	38506	602863	15.66	1	26
scaffold_646	38496	2713	0.07	0	1
scaffold_647	38471	408538	10.62	1	20
scaffold_648	38378	193161	5.03	1	8
scaffold_649	38257	226087	5.91	1	13
scaffold_650	37684	640280	16.99	1	30
scaffold_651	37550	354608	9.44	0	29
scaffold_652	37242	843928	22.66	1	83
scaffold_653	37203	228856	6.15	2	10
scaffold_654	37180	0	0.00	0	0
scaffold_655	37180	203219	5.47	0	13
scaffold_656	37168	370966	9.98	2	19
scaffold_657	37132	216481	5.83	1	14
scaffold_658	37042	5805	0.16	0	2
scaffold_659	37007	414155	11.19	1	18
scaffold_660	36942	0	0.00	0	0
scaffold_661	36895	324065	8.78	0	20
scaffold_662	36895	1097	0.03	0	1
scaffold_663	36872	1101667	29.88	2	44
scaffold_664	36826	868786	23.59	2	41
scaffold_665	36712	254938	6.94	1	17
scaffold_666	36704	704846	19.20	1	29
scaffold_667	36691	464597	12.66	1	24
scaffold_668	36323	190695	5.25	1	9
scaffold_669	36289	841131	23.18	1	51
scaffold_670	36287	1185268	32.66	2	57
scaffold_671	36240	32484	0.90	0	3
scaffold_672	36238	792038	21.86	8	31
scaffold_673	36228	1023088	28.24	1	54
scaffold_674	36185	833605	23.04	1	51
scaffold_675	36172	773756	21.39	1	43
scaffold_676	36097	377898	10.47	3	15
scaffold_677	35903	0	0.00	0	0
scaffold_678	35849	107770	3.01	1	5
scaffold_679	35511	316370	8.91	1	13
scaffold_680	35499	834441	23.51	3	50
scaffold_681	35480	159978	4.51	1	10
scaffold_682	35473	811426	22.87	3	39
scaffold_683	35386	1291444	36.50	3	64
scaffold_684	35296	1125	0.03	0	1
scaffold_685	35257	480012	13.61	2	27
scaffold_686	35239	314186	8.92	1	19
scaffold_687	35214	12111	0.34	0	6
scaffold_688	35172	541625	15.40	7	21
scaffold_689	35004	560403	16.01	1	27
scaffold_690	34950	0	0.00	0	0
scaffold_691	34940	34940	1.00	1	1
scaffold_692	34926	147759	4.23	0	7
scaffold_693	34841	33316	0.96	0	6
scaffold_694	34777	640005	18.40	1	36
scaffold_695	34737	1155084	33.25	3	67
scaffold_696	34719	561968	16.19	9	21
scaffold_697	34649	114789	3.31	0	8
scaffold_698	34614	612219	17.69	2	32
scaffold_699	34596	153127	4.43	0	11
scaffold_700	34579	929209	26.87	2	62
scaffold_701	34503	347756	10.08	1	19
scaffold_702	34490	224978	6.52	0	13
scaffold_703	34480	0	0.00	0	0
scaffold_704	34293	248066	7.23	1	15
scaffold_705	34272	1047691	30.57	3	56
scaffold_706	34248	627345	18.32	2	30
scaffold_707	34209	52577	1.54	0	4
scaffold_708	34115	0	0.00	0	0
scaffold_709	34078	378560	11.11	2	19
scaffold_710	33995	914656	26.91	3	45
scaffold_711	33946	294584	8.68	2	17
scaffold_712	33929	28417	0.84	0	2
scaffold_713	33813	284968	8.43	0	17
scaffold_714	33757	442869	13.12	3	22
scaffold_715	33735	0	0.00	0	0
scaffold_716	33687	9338	0.28	0	1
scaffold_717	33557	354691	10.57	1	24
scaffold_718	33455	443810	13.27	7	19
scaffold_719	33451	275366	8.23	1	21
scaffold_720	33328	809740	24.30	3	37
scaffold_721	33321	966736	29.01	2	53
scaffold_722	33290	1041224	31.28	1	45
scaffold_723	33270	273452	8.22	2	14
scaffold_724	33267	0	0.00	0	0
scaffold_725	33220	487532	14.68	5	25
scaffold_726	33128	78516	2.37	0	7
scaffold_727	33128	122190	3.69	1	6
scaffold_728	33126	460612	13.90	2	22
scaffold_729	33123	315005	9.51	4	14
scaffold_730	33100	269810	8.15	2	14
scaffold_731	33099	1723	0.05	0	2
scaffold_732	33078	0	0.00	0	0
scaffold_733	33043	2156	0.07	0	1
scaffold_734	33041	0	0.00	0	0
scaffold_735	32800	206351	6.29	0	14
scaffold_736	32794	319473	9.74	1	19
scaffold_737	32754	386551	11.80	2	17
scaffold_738	32719	374749	11.45	1	17
scaffold_739	32718	1134	0.03	0	1
scaffold_740	32583	483837	14.85	1	29
scaffold_741	32399	899203	27.75	4	46
scaffold_742	32392	362014	11.18	1	21
scaffold_743	32380	241763	7.47	1	14
scaffold_744	32348	611303	18.90	1	30
scaffold_745	32057	17702	0.55	0	1
scaffold_746	31944	220590	6.91	1	13
scaffold_747	31920	311116	9.75	3	18
scaffold_748	31851	828867	26.02	0	51
scaffold_749	31821	203761	6.40	1	11
scaffold_750	31775	0	0.00	0	0
scaffold_751	31760	0	0.00	0	0
scaffold_752	31755	543510	17.12	3	33
scaffold_753	31668	753848	23.80	1	33
scaffold_754	31584	210741	6.67	1	13
scaffold_755	31561	415627	13.17	1	23
scaffold_756	31530	7634	0.24	0	2
scaffold_757	31417	417132	13.28	1	22
scaffold_758	31393	225785	7.19	0	16
scaffold_759	31337	456120	14.56	1	20
scaffold_760	31274	470179	15.03	1	27
scaffold_761	31240	456454	14.61	3	25
scaffold_762	31132	251279	8.07	0	21
scaffold_763	31110	496294	15.95	5	23
scaffold_764	31094	2389	0.08	0	1
scaffold_765	31074	270013	8.69	1	15
scaffold_766	30909	998123	32.29	1	107
scaffold_767	30687	464118	15.12	1	123
scaffold_768	30569	342300	11.20	1	19
scaffold_769	30109	0	0.00	0	0
scaffold_770	30025	667262	22.22	3	35
scaffold_771	29973	373642	12.47	1	22
scaffold_772	29931	437071	14.60	1	28
scaffold_773	29807	8312	0.28	0	2
scaffold_774	29748	217950	7.33	2	12
scaffold_775	29715	350900	11.81	1	26
scaffold_776	29638	436184	14.72	7	23
scaffold_777	29564	0	0.00	0	0
scaffold_778	29382	244879	8.33	1	17
scaffold_779	29368	394248	13.42	1	27
scaffold_780	29326	0	0.00	0	0
scaffold_781	29243	475090	16.25	4	28
scaffold_782	29160	385624	13.22	2	19
scaffold_783	29159	178686	6.13	1	10
scaffold_784	29142	0	0.00	0	0
scaffold_785	29103	497725	17.10	1	48
scaffold_786	29080	0	0.00	0	0
scaffold_787	28954	479373	16.56	1	27
scaffold_788	28889	427832	14.81	1	20
scaffold_789	28758	238540	8.29	1	15
scaffold_790	28692	397634	13.86	2	22
scaffold_791	28616	607761	21.24	1	40
scaffold_792	28491	211948	7.44	1	16
scaffold_793	28460	1720	0.06	0	1
scaffold_794	28302	0	0.00	0	0
scaffold_795	28274	431162	15.25	2	26
scaffold_796	28222	115364	4.09	1	8
scaffold_797	28135	404108	14.36	7	21
scaffold_798	28112	719959	25.61	4	49
scaffold_799	28046	0	0.00	0	0
scaffold_800	28041	349170	12.45	0	15
scaffold_801	28034	109606	3.91	1	7
scaffold_802	27870	560143	20.10	2	31
scaffold_803	27853	0	0.00	0	0
scaffold_804	27792	28876	1.04	0	6
scaffold_805	27666	598780	21.64	2	45
scaffold_806	27623	27623	1.00	1	1
scaffold_807	27433	0	0.00	0	0
scaffold_808	27399	252802	9.23	1	17
scaffold_809	27312	0	0.00	0	0
scaffold_810	27270	263395	9.66	1	19
scaffold_811	27243	0	0.00	0	0
scaffold_812	27201	532915	19.59	4	35
scaffold_813	27024	0	0.00	0	0
scaffold_814	26899	0	0.00	0	0
scaffold_815	26857	193563	7.21	0	15
scaffold_816	26846	412557	15.37	6	29
scaffold_817	26836	510929	19.04	8	29
scaffold_818	26790	0	0.00	0	0
scaffold_819	26722	436890	16.35	2	26
scaffold_820	26629	0	0.00	0	0
scaffold_821	26579	155762	5.86	1	9
scaffold_822	26501	0	0.00	0	0
scaffold_823	26499	250230	9.44	2	15
scaffold_824	26328	469456	17.83	7	28
scaffold_825	26289	69252	2.63	0	7
scaffold_826	26228	0	0.00	0	0
scaffold_827	26132	61473	2.35	0	5
scaffold_828	26112	320740	12.28	1	20
scaffold_829	26097	442917	16.97	11	23
scaffold_830	26055	1222772	46.93	3	77
scaffold_831	25993	605179	23.28	2	37
scaffold_832	25695	0	0.00	0	0
scaffold_833	25531	102528	4.02	1	6
scaffold_834	25326	0	0.00	0	0
scaffold_835	25218	694380	27.54	2	50
scaffold_836	25216	155568	6.17	2	10
scaffold_837	25061	282555	11.27	1	18
scaffold_838	24947	420475	16.85	4	23
scaffold_839	24890	363095	14.59	1	24
scaffold_840	24630	262467	10.66	0	19
scaffold_841	24546	261215	10.64	1	19
scaffold_842	24455	21974	0.90	0	1
scaffold_843	24402	161147	6.60	2	11
scaffold_844	24359	0	0.00	0	0
scaffold_845	24292	392507	16.16	2	28
scaffold_846	24176	606553	25.09	2	44
scaffold_847	24097	395387	16.41	1	26
scaffold_848	24005	468171	19.50	10	25
scaffold_849	23885	23885	1.00	1	1
scaffold_850	23797	339464	14.26	1	25
scaffold_851	23780	307579	12.93	1	22
scaffold_852	23768	94061	3.96	0	8
scaffold_853	23703	23703	1.00	1	1
scaffold_854	23516	183015	7.78	1	12
scaffold_855	23419	0	0.00	0	0
scaffold_856	23327	40788	1.75	0	5
scaffold_857	23326	109424	4.69	1	9
scaffold_858	23284	0	0.00	0	0
scaffold_859	23255	7840	0.34	0	2
scaffold_860	23254	32510	1.40	1	2
scaffold_861	23234	0	0.00	0	0
scaffold_862	23222	1553	0.07	0	1
scaffold_863	23208	23179	1.00	0	3
scaffold_864	23191	318014	13.71	3	20
scaffold_865	22884	290920	12.71	2	22
scaffold_866	22737	329361	14.49	1	25
scaffold_867	22475	2538561	112.95	3	228
scaffold_868	22359	206818	9.25	1	15
scaffold_869	22339	265635	11.89	2	20
scaffold_870	22320	182439	8.17	1	20
scaffold_871	22261	0	0.00	0	0
scaffold_872	22176	561574	25.32	3	49
scaffold_873	21920	236949	10.81	3	16
scaffold_874	21829	192250	8.81	1	14
scaffold_875	21584	0	0.00	0	0
scaffold_876	21560	118576	5.50	1	9
scaffold_877	21542	96475	4.48	1	8
scaffold_878	21472	0	0.00	0	0
scaffold_879	21368	433985	20.31	10	30
scaffold_880	21345	0	0.00	0	0
scaffold_881	21172	0	0.00	0	0
scaffold_882	21118	23702	1.12	0	2
scaffold_883	20955	131244	6.26	0	11
scaffold_884	20763	0	0.00	0	0
scaffold_885	20729	0	0.00	0	0
scaffold_886	20600	260510	12.65	0	22
scaffold_887	20530	207075	10.09	2	14
scaffold_888	20081	60492	3.01	0	5
scaffold_889	19887	40137	2.02	1	3
scaffold_890	19865	0	0.00	0	0
scaffold_891	19727	239408	12.14	5	21
scaffold_892	19689	13658	0.69	0	3
scaffold_893	19546	770465	39.42	5	58
scaffold_894	19159	643120	33.57	8	47
scaffold_895	18633	0	0.00	0	0
scaffold_896	18548	0	0.00	0	0
scaffold_897	18530	98930	5.34	0	8
scaffold_898	18496	93964	5.08	1	7
scaffold_899	18036	10003	0.55	0	1
scaffold_900	18025	0	0.00	0	0
scaffold_901	17884	0	0.00	0	0
scaffold_902	17637	14742	0.84	0	5
scaffold_903	17576	6251	0.36	0	2
scaffold_904	17545	2032	0.12	0	2
scaffold_905	16921	0	0.00	0	0
scaffold_906	16889	0	0.00	0	0
scaffold_907	16767	118592	7.07	1	11
scaffold_908	16204	35501	2.19	0	5
scaffold_909	16179	2738	0.17	0	1
scaffold_910	15875	0	0.00	0	0
scaffold_911	15608	54414	3.49	1	4
scaffold_912	15567	48245	3.10	1	4
scaffold_913	15473	0	0.00	0	0
scaffold_914	15253	467	0.03	0	1
scaffold_915	15092	0	0.00	0	0
scaffold_916	14977	49418	3.30	1	4
scaffold_917	13130	63347	4.82	1	6
scaffold_918	12649	49900	3.94	2	5
scaffold_919	12426	0	0.00	0	0
scaffold_920	12009	40153	3.34	1	4
scaffold_921	10326	741	0.07	0	1
total	1876290115	56491990037	30.11	0	1141
