chrom	length	bases	mean	min	max
scaffold_1	434526931	13851920433	31.88	0	157
scaffold_2	381225800	11834219217	31.04	0	248
scaffold_3	268276564	8317791047	31.00	0	188
scaffold_4	218045602	6709136850	30.77	0	320
scaffold_5	171188827	2785700934	16.27	0	72
scaffold_6	142905876	4353835511	30.47	0	88
scaffold_7	106938139	3142658599	29.39	0	127
scaffold_8	42362139	1032922676	24.38	0	64
scaffold_9	34083018	823775567	24.17	0	67
scaffold_10	30848814	880562163	28.54	0	86
scaffold_11	28798323	721202592	25.04	0	66
scaffold_12	28504944	751522217	26.36	0	58
scaffold_13	23795472	528514998	22.21	0	76
scaffold_14	19560250	535535766	27.38	0	64
scaffold_15	16934482	374271791	22.10	0	88
scaffold_16	16659334	390166043	23.42	0	144
scaffold_17	8602431	119913976	13.94	0	60
scaffold_18	5896640	109392957	18.55	0	58
scaffold_19	3578573	88509897	24.73	0	65
scaffold_20	3463715	47521522	13.72	0	49
scaffold_21	2653684	61617621	23.22	1	93
scaffold_22	2594236	37439202	14.43	0	60
scaffold_23	2401630	35564458	14.81	0	54
scaffold_24	2227603	28023815	12.58	0	30
scaffold_25	2202738	33866899	15.37	0	64
scaffold_26	2177833	31621828	14.52	0	47
scaffold_27	2141302	23661521	11.05	0	88
scaffold_28	2117275	27152708	12.82	0	38
scaffold_29	1993315	53285494	26.73	0	67
scaffold_30	1963441	42502906	21.65	0	73
scaffold_31	1903766	37897116	19.91	0	51
scaffold_32	1891392	59873320	31.66	0	65
scaffold_33	1859776	20086240	10.80	0	61
scaffold_34	1787999	16914223	9.46	0	38
scaffold_35	1751308	19676100	11.24	0	54
scaffold_36	1660000	26183461	15.77	0	60
scaffold_37	1534483	26118717	17.02	0	62
scaffold_38	1527826	22425897	14.68	0	41
scaffold_39	1505925	22451765	14.91	1	29
scaffold_40	1478730	27718032	18.74	0	89
scaffold_41	1436034	21991788	15.31	1	35
scaffold_42	1377455	17482180	12.69	0	41
scaffold_43	1343551	19618597	14.60	1	31
scaffold_44	1304300	38103146	29.21	0	104
scaffold_45	1257125	29071206	23.13	0	61
scaffold_46	1222163	22898820	18.74	0	99
scaffold_47	1141902	16349466	14.32	0	98
scaffold_48	1095069	22982098	20.99	0	68
scaffold_49	1086189	14986583	13.80	0	28
scaffold_50	1081135	17260503	15.97	0	50
scaffold_51	998428	12746115	12.77	0	27
scaffold_52	990424	18257311	18.43	0	47
scaffold_53	984522	8969979	9.11	0	33
scaffold_54	970918	11652423	12.00	0	52
scaffold_55	940026	13499140	14.36	1	30
scaffold_56	934443	4457462	4.77	0	59
scaffold_57	930907	36382261	39.08	1	71
scaffold_58	922701	16916998	18.33	0	47
scaffold_59	917863	5341118	5.82	0	54
scaffold_60	912060	10288659	11.28	0	75
scaffold_61	904647	9281812	10.26	1	24
scaffold_62	884248	12937135	14.63	2	31
scaffold_63	867928	9522645	10.97	0	59
scaffold_64	841645	12812158	15.22	0	66
scaffold_65	832083	9934881	11.94	0	50
scaffold_66	826999	10212850	12.35	0	35
scaffold_67	823448	21788429	26.46	1	47
scaffold_68	810612	13361233	16.48	0	58
scaffold_69	793079	21729390	27.40	0	95
scaffold_70	782272	18436148	23.57	0	47
scaffold_71	766061	12376419	16.16	0	42
scaffold_72	730958	8118219	11.11	0	49
scaffold_73	720968	12064332	16.73	0	45
scaffold_74	694750	13426149	19.33	0	54
scaffold_75	682876	8198503	12.01	0	47
scaffold_76	675224	5698375	8.44	0	23
scaffold_77	648781	5670845	8.74	0	54
scaffold_78	647957	9416162	14.53	1	28
scaffold_79	644743	20785529	32.24	0	72
scaffold_80	643888	4764436	7.40	0	88
scaffold_81	641836	10001408	15.58	0	58
scaffold_82	641623	7854052	12.24	0	43
scaffold_83	632156	7186365	11.37	1	22
scaffold_84	618935	6153861	9.94	1	20
scaffold_85	608512	15245434	25.05	0	66
scaffold_86	599561	12383746	20.65	0	78
scaffold_87	597950	4395686	7.35	0	16
scaffold_88	593645	13823707	23.29	3	43
scaffold_89	589793	8410236	14.26	0	40
scaffold_90	587799	8104477	13.79	0	30
scaffold_91	579954	7618700	13.14	1	31
scaffold_92	575435	1294702	2.25	0	28
scaffold_93	574812	7107353	12.36	0	31
scaffold_94	573203	8996386	15.69	0	59
scaffold_95	571820	9202852	16.09	0	44
scaffold_96	569116	6066847	10.66	0	37
scaffold_97	566767	5459268	9.63	0	26
scaffold_98	562264	3509876	6.24	0	64
scaffold_99	552607	5576388	10.09	1	23
scaffold_100	552600	7428050	13.44	0	58
scaffold_101	551962	5462412	9.90	0	26
scaffold_102	538660	8296634	15.40	0	58
scaffold_103	529121	6806598	12.86	0	50
scaffold_104	524994	8347479	15.90	1	30
scaffold_105	510983	4032416	7.89	0	24
scaffold_106	487615	5666335	11.62	1	29
scaffold_107	486710	7617765	15.65	0	40
scaffold_108	477535	6385348	13.37	2	26
scaffold_109	476316	3134933	6.58	0	70
scaffold_110	473572	2787493	5.89	0	33
scaffold_111	472568	6106533	12.92	0	26
scaffold_112	464128	4513626	9.72	0	33
scaffold_113	434512	2520978	5.80	0	21
scaffold_114	428327	2309708	5.39	0	29
scaffold_115	426002	1367741	3.21	0	37
scaffold_116	425001	17179222	40.42	1	85
scaffold_117	421247	3660945	8.69	0	25
scaffold_118	417582	6156278	14.74	0	32
scaffold_119	414965	8274509	19.94	0	39
scaffold_120	412321	4294448	10.42	0	33
scaffold_121	411527	5898991	14.33	1	28
scaffold_122	410311	2146685	5.23	0	16
scaffold_123	408673	5494477	13.44	1	26
scaffold_124	403770	1531209	3.79	0	55
scaffold_125	386874	3929632	10.16	0	53
scaffold_126	386683	5573570	14.41	1	29
scaffold_127	384542	3647574	9.49	0	63
scaffold_128	384535	9848023	25.61	0	41
scaffold_129	384120	2909032	7.57	1	17
scaffold_130	377893	5612855	14.85	2	39
scaffold_131	371774	8677559	23.34	0	45
scaffold_132	370701	4244300	11.45	0	43
scaffold_133	369452	7453012	20.17	0	47
scaffold_134	369357	10669535	28.89	0	99
scaffold_135	363025	3164264	8.72	1	20
scaffold_136	362827	5931312	16.35	0	45
scaffold_137	361309	3702518	10.25	0	93
scaffold_138	361307	325695	0.90	0	11
scaffold_139	361075	4135504	11.45	1	25
scaffold_140	360845	2231735	6.18	0	35
scaffold_141	355646	6893243	19.38	2	68
scaffold_142	354330	1776958	5.01	0	13
scaffold_143	351123	1601320	4.56	0	11
scaffold_144	349397	6659841	19.06	0	49
scaffold_145	345615	3976045	11.50	0	43
scaffold_146	341776	1735943	5.08	0	61
scaffold_147	340558	3333268	9.79	1	22
scaffold_148	340397	3037545	8.92	0	35
scaffold_149	338565	4572955	13.51	1	31
scaffold_150	331634	5812970	17.53	0	42
scaffold_151	322426	2188313	6.79	0	25
scaffold_152	321929	1583234	4.92	0	53
scaffold_153	319818	709492	2.22	0	50
scaffold_154	318873	351057	1.10	0	17
scaffold_155	317673	5099782	16.05	0	44
scaffold_156	317429	3498061	11.02	0	47
scaffold_157	314480	1564947	4.98	0	60
scaffold_158	313413	5583476	17.82	1	36
scaffold_159	312155	4324904	13.85	3	34
scaffold_160	308401	3898457	12.64	1	26
scaffold_161	308107	3478723	11.29	1	23
scaffold_162	307127	3061439	9.97	1	23
scaffold_163	306710	4560784	14.87	1	26
scaffold_164	303353	4681688	15.43	0	54
scaffold_165	301187	542702	1.80	0	26
scaffold_166	300284	3317909	11.05	0	37
scaffold_167	299327	2760362	9.22	1	19
scaffold_168	298213	1443236	4.84	0	13
scaffold_169	297747	37576	0.13	0	3
scaffold_170	296823	3640414	12.26	0	27
scaffold_171	294268	2202272	7.48	1	19
scaffold_172	292543	2742684	9.38	0	26
scaffold_173	292198	2657537	9.09	0	173
scaffold_174	291683	7210673	24.72	0	44
scaffold_175	289071	2508454	8.68	0	23
scaffold_176	284263	3973568	13.98	0	32
scaffold_177	283131	2373784	8.38	0	27
scaffold_178	278292	83829	0.30	0	3
scaffold_179	273677	311944	1.14	0	15
scaffold_180	272495	532865	1.96	0	10
scaffold_181	272201	5145668	18.90	0	55
scaffold_182	269380	3461730	12.85	0	41
scaffold_183	268932	1471092	5.47	0	14
scaffold_184	265838	1211051	4.56	0	27
scaffold_185	260123	227254	0.87	0	14
scaffold_186	259862	109575	0.42	0	8
scaffold_187	259766	1851608	7.13	0	23
scaffold_188	259019	1454587	5.62	1	16
scaffold_189	255803	3320879	12.98	1	27
scaffold_190	255030	3092507	12.13	0	43
scaffold_191	254807	3093763	12.14	3	24
scaffold_192	250226	4438020	17.74	0	48
scaffold_193	250204	4258195	17.02	0	44
scaffold_194	239700	403583	1.68	0	22
scaffold_195	234697	4504043	19.19	2	34
scaffold_196	226946	1477390	6.51	1	13
scaffold_197	226579	6663054	29.41	5	48
scaffold_198	226175	1361448	6.02	0	38
scaffold_199	225761	2854797	12.65	1	28
scaffold_200	225032	3148446	13.99	0	41
scaffold_201	224975	3627410	16.12	0	35
scaffold_202	223132	9640037	43.20	0	72
scaffold_203	220366	2581128	11.71	1	39
scaffold_204	219104	1136269	5.19	1	10
scaffold_205	217326	2074339	9.54	0	21
scaffold_206	215673	2090532	9.69	0	34
scaffold_207	213671	127066	0.59	0	6
scaffold_208	211760	1146195	5.41	1	12
scaffold_209	209908	3390707	16.15	1	30
scaffold_210	209350	1176050	5.62	1	12
scaffold_211	209284	1273960	6.09	1	17
scaffold_212	207844	7575773	36.45	1	138
scaffold_213	203137	4136646	20.36	3	41
scaffold_214	202981	11327	0.06	0	1
scaffold_215	202568	1946986	9.61	1	24
scaffold_216	201849	1637498	8.11	0	17
scaffold_217	199481	6236990	31.27	0	78
scaffold_218	198762	3534859	17.78	1	54
scaffold_219	196943	3707824	18.83	0	40
scaffold_220	195249	3784105	19.38	0	41
scaffold_221	194561	91499	0.47	0	8
scaffold_222	189271	754939	3.99	0	16
scaffold_223	188911	870813	4.61	1	12
scaffold_224	187788	2683609	14.29	1	28
scaffold_225	186308	2064129	11.08	0	20
scaffold_226	184860	1984012	10.73	1	36
scaffold_227	184516	1119974	6.07	0	56
scaffold_228	183496	2389635	13.02	2	21
scaffold_229	179276	1073636	5.99	1	14
scaffold_230	178405	650611	3.65	0	11
scaffold_231	175432	1452132	8.28	0	38
scaffold_232	173008	1401513	8.10	1	16
scaffold_233	171644	1961087	11.43	0	29
scaffold_234	170489	813695	4.77	0	19
scaffold_235	170478	42552	0.25	0	3
scaffold_236	168239	926527	5.51	1	15
scaffold_237	164449	1206411	7.34	0	42
scaffold_238	162219	912826	5.63	1	12
scaffold_239	158967	2314623	14.56	0	37
scaffold_240	158773	856794	5.40	0	18
scaffold_241	158756	766717	4.83	1	9
scaffold_242	158599	837225	5.28	1	9
scaffold_243	158192	429696	2.72	0	21
scaffold_244	158152	1091867	6.90	1	13
scaffold_245	156228	769927	4.93	1	11
scaffold_246	156028	2862845	18.35	0	42
scaffold_247	155884	1877255	12.04	1	20
scaffold_248	155633	1390503	8.93	0	18
scaffold_249	154259	1518149	9.84	0	31
scaffold_250	149453	1454304	9.73	0	24
scaffold_251	147965	2348878	15.87	0	48
scaffold_252	147800	806621	5.46	1	11
scaffold_253	147505	1542949	10.46	0	31
scaffold_254	146879	68049	0.46	0	6
scaffold_255	145848	23813	0.16	0	1
scaffold_256	145616	2747523	18.87	0	47
scaffold_257	145012	911556	6.29	0	15
scaffold_258	144662	775343	5.36	1	10
scaffold_259	144121	1059864	7.35	1	14
scaffold_260	143032	13226	0.09	0	2
scaffold_261	141217	778858	5.52	1	11
scaffold_262	140610	813021	5.78	0	23
scaffold_263	140099	805400	5.75	2	12
scaffold_264	138648	1315090	9.49	1	21
scaffold_265	137912	258151	1.87	0	19
scaffold_266	137645	667806	4.85	1	13
scaffold_267	137167	696354	5.08	0	10
scaffold_268	137109	685806	5.00	0	14
scaffold_269	137098	760478	5.55	1	12
scaffold_270	136931	969162	7.08	0	22
scaffold_271	136174	1289337	9.47	0	21
scaffold_272	135704	839756	6.19	0	28
scaffold_273	135063	734181	5.44	1	16
scaffold_274	133653	518310	3.88	1	10
scaffold_275	133593	581805	4.36	1	8
scaffold_276	133207	496019	3.72	0	13
scaffold_277	132175	1753565	13.27	0	30
scaffold_278	131122	1115180	8.50	0	25
scaffold_279	130948	1217120	9.29	1	23
scaffold_280	130103	0	0.00	0	0
scaffold_281	129669	1187530	9.16	0	35
scaffold_282	129343	556863	4.31	1	8
scaffold_283	127948	962781	7.52	1	19
scaffold_284	127938	1339798	10.47	1	20
scaffold_285	126062	893751	7.09	0	28
scaffold_286	124316	593586	4.77	1	9
scaffold_287	124276	85592	0.69	0	6
scaffold_288	123547	0	0.00	0	0
scaffold_289	122028	721437	5.91	1	10
scaffold_290	121544	1294410	10.65	1	21
scaffold_291	120716	1176143	9.74	1	16
scaffold_292	119073	1139747	9.57	1	19
scaffold_293	119068	1515170	12.73	1	25
scaffold_294	117257	541912	4.62	1	9
scaffold_295	117175	1975636	16.86	1	41
scaffold_296	116113	616536	5.31	0	12
scaffold_297	115199	1468727	12.75	1	29
scaffold_298	115136	675494	5.87	1	11
scaffold_299	114589	622870	5.44	1	11
scaffold_300	114207	680791	5.96	2	17
scaffold_301	112761	908147	8.05	1	16
scaffold_302	112339	7853	0.07	0	1
scaffold_303	111281	513445	4.61	1	9
scaffold_304	108685	789488	7.26	1	18
scaffold_305	108249	823897	7.61	1	15
scaffold_306	107642	532388	4.95	0	32
scaffold_307	106530	451109	4.23	1	7
scaffold_308	105245	396707	3.77	1	7
scaffold_309	104899	426063	4.06	1	13
scaffold_310	104625	444176	4.25	1	10
scaffold_311	104511	575539	5.51	1	11
scaffold_312	102750	1014709	9.88	1	16
scaffold_313	102258	913639	8.93	1	23
scaffold_314	101876	493422	4.84	1	10
scaffold_315	101466	668741	6.59	0	12
scaffold_316	101110	310764	3.07	0	8
scaffold_317	100528	1080214	10.75	1	32
scaffold_318	100428	620435	6.18	1	14
scaffold_319	99952	623189	6.23	1	12
scaffold_320	99843	718655	7.20	1	15
scaffold_321	99592	449807	4.52	1	10
scaffold_322	98500	399073	4.05	0	9
scaffold_323	98039	631115	6.44	2	11
scaffold_324	97239	841884	8.66	1	21
scaffold_325	96252	513554	5.34	1	10
scaffold_326	95790	3581347	37.39	1	76
scaffold_327	95558	566529	5.93	1	13
scaffold_328	95082	1072654	11.28	0	43
scaffold_329	94913	779689	8.21	1	26
scaffold_330	94790	819426	8.64	1	14
scaffold_331	94754	15638	0.17	0	1
scaffold_332	94453	0	0.00	0	0
scaffold_333	93463	886051	9.48	0	28
scaffold_334	93444	339525	3.63	0	7
scaffold_335	93366	0	0.00	0	0
scaffold_336	93330	433665	4.65	2	11
scaffold_337	93133	2038401	21.89	1	42
scaffold_338	92717	354041	3.82	1	8
scaffold_339	92259	4285631	46.45	2	82
scaffold_340	92177	818575	8.88	0	17
scaffold_341	91879	409243	4.45	1	12
scaffold_342	91765	898215	9.79	1	18
scaffold_343	91618	708115	7.73	1	14
scaffold_344	90904	646991	7.12	1	21
scaffold_345	90701	10134	0.11	0	1
scaffold_346	90652	349366	3.85	1	8
scaffold_347	90639	705388	7.78	2	24
scaffold_348	90541	1499946	16.57	1	30
scaffold_349	90450	450897	4.99	1	12
scaffold_350	89979	257369	2.86	0	11
scaffold_351	89495	306774	3.43	1	8
scaffold_352	88711	395590	4.46	2	8
scaffold_353	88086	301376	3.42	0	9
scaffold_354	88009	729973	8.29	0	30
scaffold_355	87275	291829	3.34	1	6
scaffold_356	87251	340487	3.90	1	8
scaffold_357	87024	63526	0.73	0	5
scaffold_358	86004	395955	4.60	1	11
scaffold_359	85880	739850	8.61	0	50
scaffold_360	85501	0	0.00	0	0
scaffold_361	84917	2128027	25.06	1	42
scaffold_362	84600	497669	5.88	1	11
scaffold_363	83957	402582	4.80	2	8
scaffold_364	83286	132182	1.59	0	8
scaffold_365	81933	299148	3.65	0	11
scaffold_366	81745	461156	5.64	1	11
scaffold_367	81736	375603	4.60	1	8
scaffold_368	81648	439015	5.38	1	10
scaffold_369	81564	451511	5.54	1	10
scaffold_370	81535	47991	0.59	0	5
scaffold_371	81411	275083	3.38	1	7
scaffold_372	81406	378309	4.65	2	8
scaffold_373	81107	410924	5.07	1	9
scaffold_374	81025	336530	4.15	1	9
scaffold_375	80950	718777	8.88	2	20
scaffold_376	80617	475487	5.90	1	14
scaffold_377	80191	678914	8.47	1	13
scaffold_378	80027	472507	5.90	1	15
scaffold_379	79556	641157	8.06	3	17
scaffold_380	79260	406385	5.13	1	9
scaffold_381	79258	417813	5.27	1	12
scaffold_382	78593	697303	8.87	1	19
scaffold_383	78512	1134011	14.44	1	48
scaffold_384	78255	113333	1.45	0	8
scaffold_385	78183	539504	6.90	1	14
scaffold_386	77742	998350	12.84	0	36
scaffold_387	77665	375262	4.83	1	9
scaffold_388	77429	360068	4.65	1	15
scaffold_389	77152	301598	3.91	1	7
scaffold_390	77018	496432	6.45	1	19
scaffold_391	76412	472409	6.18	1	11
scaffold_392	76373	0	0.00	0	0
scaffold_393	76286	369575	4.84	1	10
scaffold_394	76173	279059	3.66	0	9
scaffold_395	76064	330879	4.35	1	9
scaffold_396	75916	600855	7.91	1	16
scaffold_397	75566	493286	6.53	1	12
scaffold_398	75348	223058	2.96	1	5
scaffold_399	75132	363874	4.84	1	9
scaffold_400	75097	1639764	21.84	1	39
scaffold_401	73974	1231756	16.65	3	39
scaffold_402	73810	361432	4.90	1	9
scaffold_403	73769	0	0.00	0	0
scaffold_404	73396	374582	5.10	1	8
scaffold_405	73204	332613	4.54	1	9
scaffold_406	73115	200254	2.74	1	6
scaffold_407	72890	475207	6.52	1	11
scaffold_408	72445	461806	6.37	1	12
scaffold_409	72103	469465	6.51	0	20
scaffold_410	71939	342740	4.76	1	10
scaffold_411	71474	98459	1.38	0	7
scaffold_412	71378	497197	6.97	2	13
scaffold_413	71173	390320	5.48	1	11
scaffold_414	70416	659681	9.37	0	21
scaffold_415	70283	393389	5.60	1	10
scaffold_416	69640	294943	4.24	1	7
scaffold_417	69637	451615	6.49	0	19
scaffold_418	69457	294938	4.25	1	10
scaffold_419	69319	884854	12.76	1	28
scaffold_420	68952	845753	12.27	0	30
scaffold_421	68916	421387	6.11	2	11
scaffold_422	68755	410236	5.97	1	10
scaffold_423	68700	660168	9.61	1	16
scaffold_424	68681	449831	6.55	1	13
scaffold_425	68182	294924	4.33	1	9
scaffold_426	68088	232040	3.41	1	7
scaffold_427	67806	444199	6.55	1	24
scaffold_428	67661	420763	6.22	1	13
scaffold_429	66865	271023	4.05	1	10
scaffold_430	66562	189707	2.85	0	5
scaffold_431	66451	219952	3.31	0	7
scaffold_432	66297	146520	2.21	0	7
scaffold_433	66061	0	0.00	0	0
scaffold_434	65713	356602	5.43	1	10
scaffold_435	65422	322200	4.92	1	8
scaffold_436	65406	245080	3.75	1	7
scaffold_437	65259	306547	4.70	1	7
scaffold_438	65176	553517	8.49	0	21
scaffold_439	65128	427062	6.56	1	13
scaffold_440	65067	349767	5.38	1	10
scaffold_441	64981	226230	3.48	1	7
scaffold_442	64944	389472	6.00	1	12
scaffold_443	64917	1108	0.02	0	1
scaffold_444	64676	403272	6.24	1	10
scaffold_445	64668	1472474	22.77	3	41
scaffold_446	64615	218115	3.38	1	7
scaffold_447	64519	2224430	34.48	2	62
scaffold_448	64500	0	0.00	0	0
scaffold_449	64455	286239	4.44	0	10
scaffold_450	64216	235774	3.67	0	9
scaffold_451	64079	347314	5.42	1	12
scaffold_452	63854	2390313	37.43	3	63
scaffold_453	63792	240672	3.77	0	9
scaffold_454	63512	317070	4.99	1	9
scaffold_455	63113	288869	4.58	1	8
scaffold_456	62777	95774	1.53	0	5
scaffold_457	62705	535969	8.55	1	18
scaffold_458	62580	228199	3.65	1	9
scaffold_459	62511	266107	4.26	2	8
scaffold_460	62451	288973	4.63	1	9
scaffold_461	62428	240438	3.85	1	8
scaffold_462	62378	181281	2.91	0	5
scaffold_463	62327	298064	4.78	1	9
scaffold_464	62258	322302	5.18	1	9
scaffold_465	62213	316271	5.08	1	10
scaffold_466	62190	473643	7.62	1	13
scaffold_467	61931	276938	4.47	1	9
scaffold_468	61747	209288	3.39	1	7
scaffold_469	61741	287521	4.66	1	7
scaffold_470	61664	369728	6.00	1	11
scaffold_471	61620	693657	11.26	2	20
scaffold_472	61615	308118	5.00	1	9
scaffold_473	61257	122719	2.00	0	8
scaffold_474	61083	184486	3.02	0	5
scaffold_475	61034	248228	4.07	1	9
scaffold_476	60974	380836	6.25	2	12
scaffold_477	60940	197995	3.25	1	7
scaffold_478	60445	131407	2.17	0	10
scaffold_479	60285	286876	4.76	1	9
scaffold_480	60110	221813	3.69	1	8
scaffold_481	59996	456547	7.61	1	18
scaffold_482	59966	350780	5.85	1	11
scaffold_483	59781	193922	3.24	1	8
scaffold_484	59648	206509	3.46	0	8
scaffold_485	59648	335395	5.62	1	14
scaffold_486	59557	257708	4.33	1	7
scaffold_487	59395	241185	4.06	1	6
scaffold_488	59140	176100	2.98	0	11
scaffold_489	58986	411135	6.97	1	13
scaffold_490	58835	351050	5.97	1	12
scaffold_491	58808	242732	4.13	0	9
scaffold_492	58638	286247	4.88	1	9
scaffold_493	58543	337575	5.77	1	12
scaffold_494	58517	308385	5.27	2	12
scaffold_495	58279	232765	3.99	1	8
scaffold_496	58275	300829	5.16	2	11
scaffold_497	58225	360844	6.20	1	17
scaffold_498	58017	236730	4.08	1	9
scaffold_499	57894	301943	5.22	1	11
scaffold_500	57615	594373	10.32	1	25
scaffold_501	57607	263097	4.57	1	9
scaffold_502	57561	44949	0.78	0	4
scaffold_503	57550	216021	3.75	1	8
scaffold_504	56943	0	0.00	0	0
scaffold_505	56754	270092	4.76	1	10
scaffold_506	56612	262356	4.63	1	10
scaffold_507	56443	299785	5.31	1	10
scaffold_508	56314	463111	8.22	1	21
scaffold_509	55915	190906	3.41	0	7
scaffold_510	55719	645839	11.59	1	19
scaffold_511	55716	332943	5.98	1	16
scaffold_512	55486	347444	6.26	1	10
scaffold_513	55473	172167	3.10	0	6
scaffold_514	55279	718528	13.00	1	24
scaffold_515	55015	283329	5.15	1	9
scaffold_516	55004	291280	5.30	1	8
scaffold_517	54843	119689	2.18	1	6
scaffold_518	54790	118741	2.17	0	5
scaffold_519	54571	266861	4.89	1	7
scaffold_520	54525	369671	6.78	0	12
scaffold_521	54504	216225	3.97	1	9
scaffold_522	54484	584304	10.72	1	22
scaffold_523	54462	257897	4.74	1	9
scaffold_524	54297	371427	6.84	3	13
scaffold_525	53919	278593	5.17	1	7
scaffold_526	53895	302340	5.61	1	11
scaffold_527	53668	467618	8.71	2	16
scaffold_528	53638	454552	8.47	1	15
scaffold_529	53605	278925	5.20	1	10
scaffold_530	53429	52698	0.99	0	4
scaffold_531	53302	138626	2.60	1	4
scaffold_532	53007	307612	5.80	1	11
scaffold_533	52972	195286	3.69	1	8
scaffold_534	52866	401314	7.59	2	15
scaffold_535	52757	211730	4.01	2	7
scaffold_536	52691	567718	10.77	1	18
scaffold_537	52594	642419	12.21	1	25
scaffold_538	52350	202209	3.86	1	7
scaffold_539	52237	218476	4.18	1	7
scaffold_540	52086	288097	5.53	1	11
scaffold_541	52078	504120	9.68	1	18
scaffold_542	51910	282312	5.44	1	9
scaffold_543	51704	62683	1.21	0	5
scaffold_544	51586	178027	3.45	1	6
scaffold_545	51377	135696	2.64	1	5
scaffold_546	51290	195809	3.82	0	16
scaffold_547	51278	328340	6.40	2	10
scaffold_548	51140	898455	17.57	1	33
scaffold_549	50969	243773	4.78	1	8
scaffold_550	50962	161479	3.17	1	6
scaffold_551	50959	387242	7.60	1	16
scaffold_552	50783	198300	3.90	0	10
scaffold_553	50517	588559	11.65	1	88
scaffold_554	50426	245976	4.88	1	8
scaffold_555	50416	366179	7.26	1	15
scaffold_556	50315	229002	4.55	1	7
scaffold_557	50207	188999	3.76	1	8
scaffold_558	50192	251111	5.00	0	11
scaffold_559	50137	113509	2.26	0	6
scaffold_560	50008	185274	3.70	1	6
scaffold_561	49973	424598	8.50	1	13
scaffold_562	49804	329907	6.62	0	12
scaffold_563	49780	149187	3.00	0	6
scaffold_564	49683	74941	1.51	0	6
scaffold_565	49658	238289	4.80	1	9
scaffold_566	49599	442321	8.92	2	17
scaffold_567	49557	292730	5.91	0	13
scaffold_568	49514	191991	3.88	0	11
scaffold_569	49311	741316	15.03	1	32
scaffold_570	49254	390051	7.92	0	19
scaffold_571	49037	263551	5.37	1	9
scaffold_572	49031	230621	4.70	1	13
scaffold_573	48995	542299	11.07	1	26
scaffold_574	48957	445404	9.10	1	19
scaffold_575	48919	381197	7.79	1	14
scaffold_576	48856	22382	0.46	0	1
scaffold_577	48849	208133	4.26	1	8
scaffold_578	48740	163686	3.36	1	6
scaffold_579	48690	0	0.00	0	0
scaffold_580	48669	169463	3.48	1	9
scaffold_581	48584	393372	8.10	1	15
scaffold_582	48539	175699	3.62	1	6
scaffold_583	48528	223186	4.60	1	8
scaffold_584	48505	192908	3.98	0	7
scaffold_585	48463	234164	4.83	1	8
scaffold_586	48430	560830	11.58	1	20
scaffold_587	48418	431584	8.91	1	25
scaffold_588	48172	283481	5.88	1	9
scaffold_589	48171	264572	5.49	0	13
scaffold_590	48036	190866	3.97	1	8
scaffold_591	48020	145965	3.04	1	7
scaffold_592	47999	86282	1.80	0	4
scaffold_593	47962	263217	5.49	1	11
scaffold_594	47911	233620	4.88	2	9
scaffold_595	47900	174124	3.64	2	6
scaffold_596	47863	265630	5.55	1	11
scaffold_597	47835	268199	5.61	1	8
scaffold_598	47803	210174	4.40	1	8
scaffold_599	47774	220081	4.61	1	8
scaffold_600	47742	187531	3.93	1	7
scaffold_601	47495	0	0.00	0	0
scaffold_602	47489	187582	3.95	1	7
scaffold_603	47396	153875	3.25	1	6
scaffold_604	47227	440826	9.33	1	17
scaffold_605	46984	143977	3.06	0	10
scaffold_606	46961	1566967	33.37	1	53
scaffold_607	46873	161314	3.44	1	5
scaffold_608	46800	335949	7.18	2	11
scaffold_609	46787	287118	6.14	2	9
scaffold_610	46738	500404	10.71	2	21
scaffold_611	46681	168287	3.61	1	5
scaffold_612	46489	195832	4.21	1	9
scaffold_613	46422	105639	2.28	0	6
scaffold_614	46360	175532	3.79	1	6
scaffold_615	46316	295532	6.38	1	10
scaffold_616	45958	127022	2.76	0	5
scaffold_617	45955	366017	7.96	0	20
scaffold_618	45759	235965	5.16	1	8
scaffold_619	45717	178586	3.91	0	8
scaffold_620	45652	286919	6.28	1	13
scaffold_621	45449	177144	3.90	1	7
scaffold_622	45411	345525	7.61	0	22
scaffold_623	45362	142504	3.14	1	5
scaffold_624	45242	271269	6.00	1	11
scaffold_625	45235	162264	3.59	1	7
scaffold_626	45186	84564	1.87	1	5
scaffold_627	45101	221504	4.91	1	10
scaffold_628	45053	300886	6.68	1	12
scaffold_629	45023	293194	6.51	1	13
scaffold_630	44992	132129	2.94	0	6
scaffold_631	44973	206979	4.60	1	8
scaffold_632	44879	172946	3.85	1	8
scaffold_633	44836	182856	4.08	1	8
scaffold_634	44685	282255	6.32	1	11
scaffold_635	44660	270146	6.05	1	11
scaffold_636	44631	98301	2.20	1	5
scaffold_637	44627	193505	4.34	1	9
scaffold_638	44244	154639	3.50	1	6
scaffold_639	44166	177302	4.01	2	6
scaffold_640	44029	127228	2.89	1	5
scaffold_641	43860	0	0.00	0	0
scaffold_642	43836	150680	3.44	1	7
scaffold_643	43804	178387	4.07	0	9
scaffold_644	43718	144455	3.30	1	6
scaffold_645	43718	188171	4.30	1	8
scaffold_646	43682	200264	4.58	1	9
scaffold_647	43616	237009	5.43	1	9
scaffold_649	43423	274917	6.33	1	12
scaffold_650	43423	301137	6.93	1	15
scaffold_651	43361	404143	9.32	1	16
scaffold_652	43277	209962	4.85	1	9
scaffold_653	43258	241690	5.59	1	13
scaffold_654	43255	199223	4.61	1	8
scaffold_655	43238	165938	3.84	1	7
scaffold_656	43192	183264	4.24	1	7
scaffold_657	43157	0	0.00	0	0
scaffold_658	43154	817219	18.94	1	39
scaffold_659	43154	2615	0.06	0	1
scaffold_660	43113	187942	4.36	1	9
scaffold_661	43096	82347	1.91	0	4
scaffold_662	43073	100627	2.34	0	5
scaffold_663	42946	270149	6.29	1	13
scaffold_664	42940	230507	5.37	1	12
scaffold_665	42932	142816	3.33	2	6
scaffold_666	42794	177557	4.15	1	9
scaffold_667	42714	139864	3.27	1	8
scaffold_668	42664	369985	8.67	0	17
scaffold_669	42617	113371	2.66	0	7
scaffold_670	42499	656807	15.45	4	29
scaffold_671	42410	204880	4.83	1	9
scaffold_672	42373	245535	5.79	1	9
scaffold_673	42349	235771	5.57	1	11
scaffold_674	42033	173057	4.12	1	8
scaffold_675	42022	106699	2.54	1	5
scaffold_676	42021	244483	5.82	1	9
scaffold_677	42010	132316	3.15	1	6
scaffold_678	41990	139425	3.32	1	8
scaffold_679	41974	65106	1.55	0	3
scaffold_680	41941	172909	4.12	1	9
scaffold_681	41793	132801	3.18	1	6
scaffold_682	41761	194062	4.65	1	9
scaffold_683	41606	628672	15.11	1	24
scaffold_684	41603	359539	8.64	1	21
scaffold_685	41583	251448	6.05	2	13
scaffold_686	41384	233613	5.65	1	11
scaffold_687	41329	147162	3.56	0	10
scaffold_688	41311	178180	4.31	1	8
scaffold_689	41302	231028	5.59	1	12
scaffold_690	41272	0	0.00	0	0
scaffold_691	41246	165300	4.01	1	7
scaffold_692	41177	119683	2.91	0	6
scaffold_693	41134	0	0.00	0	0
scaffold_694	41120	239619	5.83	1	9
scaffold_695	41108	183125	4.45	1	9
scaffold_696	41059	212978	5.19	1	8
scaffold_697	41054	23105	0.56	0	1
scaffold_698	41045	134064	3.27	1	7
scaffold_699	41001	272204	6.64	1	12
scaffold_700	40975	0	0.00	0	0
scaffold_701	40953	870715	21.26	0	54
scaffold_702	40783	232732	5.71	2	14
scaffold_703	40768	407831	10.00	2	15
scaffold_704	40681	156734	3.85	1	6
scaffold_705	40624	166175	4.09	1	7
scaffold_706	40458	180060	4.45	1	8
scaffold_707	40298	256920	6.38	2	13
scaffold_708	40252	1268024	31.50	2	51
scaffold_709	40251	329874	8.20	0	13
scaffold_710	40240	164755	4.09	1	7
scaffold_711	40235	324916	8.08	3	16
scaffold_712	40139	147866	3.68	1	7
scaffold_713	40114	183877	4.58	2	7
scaffold_714	40035	174183	4.35	2	8
scaffold_715	39984	133004	3.33	1	5
scaffold_716	39958	166750	4.17	2	7
scaffold_717	39889	106047	2.66	0	6
scaffold_718	39830	140456	3.53	1	7
scaffold_719	39806	317011	7.96	0	21
scaffold_720	39778	81245	2.04	0	5
scaffold_721	39656	219434	5.53	1	8
scaffold_722	39636	337243	8.51	1	17
scaffold_723	39597	225459	5.69	1	10
scaffold_724	39576	160982	4.07	1	7
scaffold_725	39497	100032	2.53	1	5
scaffold_726	39375	297216	7.55	1	14
scaffold_727	39353	101976	2.59	1	4
scaffold_728	39296	145700	3.71	1	9
scaffold_729	39238	130636	3.33	1	6
scaffold_730	39189	142098	3.63	1	7
scaffold_731	39162	165429	4.22	0	11
scaffold_732	39154	237092	6.06	2	11
scaffold_733	39151	214422	5.48	1	9
scaffold_734	39124	1386443	35.44	3	58
scaffold_735	39120	0	0.00	0	0
scaffold_736	39069	141690	3.63	1	6
scaffold_737	39008	200241	5.13	1	9
scaffold_738	38940	1034846	26.58	5	50
scaffold_739	38851	295391	7.60	1	14
scaffold_740	38831	171986	4.43	1	9
scaffold_741	38816	153190	3.95	1	10
scaffold_742	38789	906182	23.36	2	52
scaffold_743	38786	210668	5.43	1	11
scaffold_744	38782	128422	3.31	1	6
scaffold_745	38693	293727	7.59	1	15
scaffold_746	38692	146032	3.77	1	8
scaffold_747	38605	94903	2.46	1	7
scaffold_748	38584	118924	3.08	1	6
scaffold_749	38577	213207	5.53	2	9
scaffold_750	38567	202652	5.25	2	8
scaffold_751	38496	2713	0.07	0	1
scaffold_752	38495	150554	3.91	1	6
scaffold_753	38462	165659	4.31	1	8
scaffold_754	38425	621761	16.18	1	32
scaffold_755	38378	75776	1.97	0	5
scaffold_756	38287	200911	5.25	1	10
scaffold_757	38257	147435	3.85	1	7
scaffold_758	38204	213947	5.60	1	11
scaffold_759	38164	154020	4.04	1	8
scaffold_760	38104	178906	4.70	1	7
scaffold_761	38053	140806	3.70	1	7
scaffold_762	37714	135265	3.59	1	8
scaffold_763	37685	263746	7.00	1	11
scaffold_764	37550	287776	7.66	1	16
scaffold_765	37530	0	0.00	0	0
scaffold_766	37369	85118	2.28	1	3
scaffold_767	37239	138639	3.72	1	6
scaffold_768	37195	148629	4.00	1	8
scaffold_769	37180	0	0.00	0	0
scaffold_770	37166	222903	6.00	1	10
scaffold_771	37143	124245	3.35	1	6
scaffold_772	37132	147334	3.97	1	6
scaffold_773	37127	654024	17.62	2	29
scaffold_774	37031	462848	12.50	2	19
scaffold_775	37017	122007	3.30	0	6
scaffold_776	36942	0	0.00	0	0
scaffold_777	36928	91454	2.48	1	5
scaffold_778	36872	148311	4.02	1	8
scaffold_779	36826	71453	1.94	0	4
scaffold_780	36814	233435	6.34	1	14
scaffold_781	36691	109614	2.99	1	6
scaffold_782	36609	138744	3.79	1	6
scaffold_783	36589	194197	5.31	1	8
scaffold_784	36576	212312	5.80	1	9
scaffold_785	36564	448233	12.26	1	22
scaffold_786	36516	95347	2.61	1	5
scaffold_787	36503	91930	2.52	1	4
scaffold_788	36497	256483	7.03	1	13
scaffold_789	36417	101570	2.79	1	6
scaffold_790	36323	110838	3.05	1	5
scaffold_791	36271	184752	5.09	1	9
scaffold_792	36247	0	0.00	0	0
scaffold_793	36172	190151	5.26	1	9
scaffold_794	36164	151484	4.19	1	6
scaffold_795	36097	140742	3.90	1	6
scaffold_796	36051	150673	4.18	1	6
scaffold_797	36047	152653	4.23	1	9
scaffold_798	36043	132741	3.68	2	7
scaffold_799	36005	172484	4.79	1	9
scaffold_800	36004	0	0.00	0	0
scaffold_801	35958	176882	4.92	1	9
scaffold_802	35849	107770	3.01	1	5
scaffold_803	35761	158581	4.43	1	8
scaffold_804	35759	146470	4.10	1	10
scaffold_805	35759	147905	4.14	1	7
scaffold_806	35656	76974	2.16	1	5
scaffold_807	35653	135146	3.79	1	6
scaffold_808	35511	192633	5.42	1	12
scaffold_809	35480	110662	3.12	0	6
scaffold_810	35430	166649	4.70	1	10
scaffold_811	35409	150960	4.26	1	8
scaffold_812	35386	110172	3.11	1	6
scaffold_813	35298	297581	8.43	1	16
scaffold_814	35281	142737	4.05	1	8
scaffold_815	35257	75294	2.14	1	4
scaffold_816	35239	140998	4.00	1	7
scaffold_817	35120	78673	2.24	1	5
scaffold_818	34982	246747	7.05	1	12
scaffold_819	34960	128412	3.67	1	6
scaffold_820	34952	114658	3.28	1	6
scaffold_821	34945	333051	9.53	1	20
scaffold_822	34866	208398	5.98	1	10
scaffold_823	34865	1351	0.04	0	1
scaffold_824	34813	238232	6.84	1	11
scaffold_825	34737	135792	3.91	1	6
scaffold_826	34634	184001	5.31	1	8
scaffold_827	34600	152853	4.42	1	7
scaffold_828	34579	352911	10.21	1	21
scaffold_829	34566	135183	3.91	0	6
scaffold_830	34547	127354	3.69	1	7
scaffold_831	34525	175747	5.09	3	8
scaffold_832	34503	124643	3.61	1	5
scaffold_833	34472	276559	8.02	1	15
scaffold_834	34465	179089	5.20	2	9
scaffold_835	34406	114314	3.32	0	8
scaffold_836	34359	154491	4.50	1	7
scaffold_837	34293	213176	6.22	1	15
scaffold_838	34226	127208	3.72	1	10
scaffold_839	34201	0	0.00	0	0
scaffold_840	34195	87526	2.56	1	5
scaffold_841	34154	100019	2.93	1	5
scaffold_842	34135	31481	0.92	0	3
scaffold_843	34122	106244	3.11	1	5
scaffold_844	34067	113177	3.32	1	6
scaffold_845	34039	126706	3.72	1	7
scaffold_846	34036	169367	4.98	1	9
scaffold_847	34032	275087	8.08	1	16
scaffold_848	34018	126944	3.73	1	6
scaffold_849	33956	126966	3.74	1	6
scaffold_850	33950	99636	2.93	2	4
scaffold_851	33931	48020	1.42	1	3
scaffold_852	33921	122338	3.61	1	8
scaffold_853	33852	179294	5.30	1	9
scaffold_854	33835	185516	5.48	1	11
scaffold_855	33732	112410	3.33	1	6
scaffold_856	33691	204710	6.08	1	12
scaffold_857	33562	264043	7.87	1	12
scaffold_858	33460	152442	4.56	1	8
scaffold_859	33426	1493	0.04	0	1
scaffold_860	33421	117820	3.53	1	6
scaffold_861	33331	110008	3.30	1	7
scaffold_862	33290	180886	5.43	1	10
scaffold_863	33270	157480	4.73	1	8
scaffold_864	33258	2655	0.08	0	1
scaffold_865	33233	175098	5.27	2	10
scaffold_866	33223	88337	2.66	1	4
scaffold_867	33200	224482	6.76	1	12
scaffold_868	33128	93414	2.82	1	5
scaffold_869	33100	156937	4.74	2	8
scaffold_870	33075	135024	4.08	1	8
scaffold_871	33070	44177	1.34	1	2
scaffold_872	33068	0	0.00	0	0
scaffold_873	33043	0	0.00	0	0
scaffold_874	33040	130211	3.94	1	7
scaffold_875	33002	221573	6.71	1	14
scaffold_876	33000	104614	3.17	1	6
scaffold_877	32969	133518	4.05	1	6
scaffold_878	32953	135127	4.10	1	8
scaffold_879	32922	124456	3.78	0	8
scaffold_880	32810	0	0.00	0	0
scaffold_881	32803	49237	1.50	0	3
scaffold_882	32798	147890	4.51	1	8
scaffold_883	32794	307219	9.37	1	17
scaffold_884	32779	149009	4.55	2	7
scaffold_885	32777	548305	16.73	1	34
scaffold_886	32756	172553	5.27	1	9
scaffold_887	32719	115705	3.54	1	8
scaffold_888	32699	124487	3.81	1	8
scaffold_889	32489	107376	3.30	1	6
scaffold_890	32453	208979	6.44	1	11
scaffold_891	32399	144545	4.46	1	8
scaffold_892	32395	105473	3.26	1	6
scaffold_893	32259	145386	4.51	1	8
scaffold_894	32037	97606	3.05	1	5
scaffold_895	31944	112001	3.51	1	6
scaffold_896	31930	140056	4.39	1	7
scaffold_897	31889	130158	4.08	2	7
scaffold_898	31885	135369	4.25	1	6
scaffold_899	31855	352595	11.07	0	20
scaffold_900	31851	114234	3.59	1	5
scaffold_901	31789	151057	4.75	2	9
scaffold_902	31746	156315	4.92	1	10
scaffold_903	31652	392563	12.40	2	22
scaffold_904	31586	131103	4.15	1	8
scaffold_905	31584	210741	6.67	1	13
scaffold_906	31503	151746	4.82	1	8
scaffold_907	31496	320843	10.19	1	20
scaffold_908	31487	177696	5.64	1	11
scaffold_909	31487	160910	5.11	1	9
scaffold_910	31462	173230	5.51	1	10
scaffold_911	31361	159505	5.09	1	7
scaffold_912	31342	145285	4.64	1	10
scaffold_913	31337	213188	6.80	1	11
scaffold_914	31274	365067	11.67	1	22
scaffold_915	31230	91698	2.94	1	4
scaffold_916	31224	0	0.00	0	0
scaffold_917	31196	0	0.00	0	0
scaffold_918	31151	95753	3.07	0	5
scaffold_919	31143	254498	8.17	1	14
scaffold_920	31111	130386	4.19	2	6
scaffold_921	31102	129790	4.17	1	7
scaffold_922	31072	67983	2.19	1	4
scaffold_923	30987	138976	4.48	1	8
scaffold_924	30938	84572	2.73	1	5
scaffold_925	30909	107883	3.49	1	7
scaffold_926	30820	147952	4.80	1	7
scaffold_927	30802	183338	5.95	1	10
scaffold_928	30728	63302	2.06	1	4
scaffold_929	30638	193611	6.32	1	12
scaffold_930	30622	103073	3.37	2	5
scaffold_931	30445	107083	3.52	0	7
scaffold_932	30438	136643	4.49	1	9
scaffold_933	30430	26451	0.87	0	2
scaffold_934	30406	334954	11.02	1	19
scaffold_935	30373	93168	3.07	1	6
scaffold_936	30355	163920	5.40	1	8
scaffold_937	30289	338878	11.19	1	22
scaffold_938	30222	131073	4.34	1	9
scaffold_939	30127	147745	4.90	1	10
scaffold_940	30028	148989	4.96	1	11
scaffold_941	30022	127779	4.26	1	8
scaffold_942	29987	222580	7.42	1	11
scaffold_943	29973	371722	12.40	1	22
scaffold_944	29946	85344	2.85	1	5
scaffold_945	29895	249819	8.36	1	13
scaffold_946	29828	0	0.00	0	0
scaffold_947	29725	839674	28.25	17	39
scaffold_948	29698	125536	4.23	1	6
scaffold_949	29689	142869	4.81	1	9
scaffold_950	29688	29688	1.00	1	1
scaffold_951	29671	93834	3.16	1	6
scaffold_952	29623	0	0.00	0	0
scaffold_953	29546	57406	1.94	0	4
scaffold_954	29539	130918	4.43	1	8
scaffold_955	29528	178378	6.04	1	10
scaffold_956	29414	126643	4.31	1	9
scaffold_957	29400	131989	4.49	1	8
scaffold_958	29357	150927	5.14	1	9
scaffold_959	29353	3735	0.13	0	2
scaffold_960	29351	49884	1.70	1	4
scaffold_961	29327	0	0.00	0	0
scaffold_962	29151	142366	4.88	1	9
scaffold_963	29108	158529	5.45	0	12
scaffold_964	29103	257851	8.86	1	17
scaffold_965	29098	120405	4.14	1	6
scaffold_966	29082	222164	7.64	0	16
scaffold_967	29003	183385	6.32	1	12
scaffold_968	28990	85791	2.96	1	5
scaffold_969	28987	77010	2.66	1	5
scaffold_970	28889	216146	7.48	1	13
scaffold_971	28886	306667	10.62	2	18
scaffold_972	28791	121868	4.23	1	7
scaffold_973	28760	151866	5.28	1	9
scaffold_974	28715	494171	17.21	5	30
scaffold_975	28705	94759	3.30	1	6
scaffold_976	28647	104262	3.64	1	7
scaffold_977	28623	141189	4.93	1	6
scaffold_978	28520	44614	1.56	0	3
scaffold_979	28415	144438	5.08	1	8
scaffold_980	28396	132485	4.67	1	8
scaffold_981	28332	2182	0.08	0	1
scaffold_982	28286	132428	4.68	1	8
scaffold_983	28259	173295	6.13	1	10
scaffold_984	28256	8501	0.30	0	2
scaffold_985	28251	234633	8.31	2	19
scaffold_986	28235	28235	1.00	1	1
scaffold_987	28222	95098	3.37	1	6
scaffold_988	28200	121177	4.30	1	6
scaffold_989	28158	135346	4.81	1	8
scaffold_990	28155	74931	2.66	1	4
scaffold_991	28147	135404	4.81	1	10
scaffold_992	28112	106387	3.78	1	7
scaffold_993	28085	0	0.00	0	0
scaffold_994	28037	144514	5.15	1	9
scaffold_995	28029	73066	2.61	1	4
scaffold_996	27954	100523	3.60	1	5
scaffold_997	27877	380499	13.65	3	25
scaffold_998	27874	146674	5.26	1	9
scaffold_999	27861	102668	3.69	1	6
scaffold_1000	27860	64753	2.32	1	4
scaffold_1001	27843	112659	4.05	2	6
scaffold_1002	27839	68478	2.46	1	5
scaffold_1003	27785	235890	8.49	1	19
scaffold_1004	27770	123063	4.43	1	7
scaffold_1005	27742	0	0.00	0	0
scaffold_1006	27726	65630	2.37	1	4
scaffold_1007	27714	0	0.00	0	0
scaffold_1008	27705	447810	16.16	1	32
scaffold_1009	27702	51859	1.87	1	4
scaffold_1010	27694	93350	3.37	1	5
scaffold_1011	27659	617116	22.31	13	29
scaffold_1012	27588	0	0.00	0	0
scaffold_1013	27339	109615	4.01	1	7
scaffold_1014	27327	208156	7.62	3	13
scaffold_1015	27296	121053	4.43	2	7
scaffold_1016	27291	0	0.00	0	0
scaffold_1017	27112	0	0.00	0	0
scaffold_1018	27086	84641	3.12	1	5
scaffold_1019	27081	0	0.00	0	0
scaffold_1020	27073	65759	2.43	1	4
scaffold_1021	27055	0	0.00	0	0
scaffold_1022	27052	144268	5.33	2	9
scaffold_1023	26993	83628	3.10	1	5
scaffold_1024	26934	113869	4.23	2	7
scaffold_1025	26841	74276	2.77	1	7
scaffold_1026	26836	100735	3.75	1	7
scaffold_1027	26811	74380	2.77	1	4
scaffold_1028	26783	177850	6.64	1	9
scaffold_1029	26729	113055	4.23	1	8
scaffold_1030	26722	203813	7.63	1	14
scaffold_1031	26670	60212	2.26	1	4
scaffold_1032	26663	80897	3.03	1	6
scaffold_1033	26653	0	0.00	0	0
scaffold_1034	26627	138000	5.18	1	9
scaffold_1035	26607	106069	3.99	1	9
scaffold_1036	26593	181852	6.84	1	30
scaffold_1037	26593	129726	4.88	1	8
scaffold_1038	26576	71588	2.69	1	5
scaffold_1039	26557	0	0.00	0	0
scaffold_1040	26545	152763	5.75	1	10
scaffold_1041	26511	77014	2.90	1	6
scaffold_1042	26508	97272	3.67	1	7
scaffold_1043	26437	103197	3.90	1	8
scaffold_1044	26404	148316	5.62	1	11
scaffold_1045	26355	148829	5.65	1	10
scaffold_1046	26355	40692	1.54	1	3
scaffold_1047	26328	467235	17.75	7	28
scaffold_1048	26262	90354	3.44	1	6
scaffold_1049	26258	56634	2.16	1	3
scaffold_1050	26253	0	0.00	0	0
scaffold_1051	26221	58823	2.24	0	5
scaffold_1052	26165	100100	3.83	1	7
scaffold_1053	26135	61202	2.34	1	4
scaffold_1054	26055	89686	3.44	1	6
scaffold_1055	25955	110293	4.25	1	9
scaffold_1056	25926	86711	3.34	1	7
scaffold_1057	25896	304095	11.74	1	21
scaffold_1058	25892	47070	1.82	1	4
scaffold_1059	25839	49039	1.90	1	3
scaffold_1060	25804	87942	3.41	1	5
scaffold_1061	25803	122238	4.74	1	8
scaffold_1062	25741	223829	8.70	1	15
scaffold_1063	25720	107121	4.16	1	15
scaffold_1064	25708	111590	4.34	1	7
scaffold_1065	25671	403601	15.72	0	34
scaffold_1066	25563	82450	3.23	1	7
scaffold_1067	25507	77788	3.05	1	4
scaffold_1068	25506	126282	4.95	2	7
scaffold_1069	25503	108057	4.24	1	7
scaffold_1070	25499	0	0.00	0	0
scaffold_1071	25468	661246	25.96	0	43
scaffold_1072	25438	26504	1.04	0	2
scaffold_1073	25400	101311	3.99	1	6
scaffold_1074	25376	132092	5.21	1	10
scaffold_1075	25359	410328	16.18	4	24
scaffold_1076	25306	223873	8.85	1	17
scaffold_1077	25221	146460	5.81	1	10
scaffold_1078	25216	154745	6.14	2	10
scaffold_1079	25211	44691	1.77	1	2
scaffold_1080	25074	211018	8.42	3	13
scaffold_1081	25061	127629	5.09	1	9
scaffold_1082	25054	151544	6.05	2	8
scaffold_1083	25021	93399	3.73	1	7
scaffold_1084	24967	79624	3.19	1	6
scaffold_1085	24908	194502	7.81	2	12
scaffold_1086	24862	127371	5.12	1	9
scaffold_1087	24842	166253	6.69	1	16
scaffold_1088	24819	100986	4.07	1	7
scaffold_1089	24799	169297	6.83	1	12
scaffold_1090	24771	156962	6.34	1	10
scaffold_1091	24736	96237	3.89	1	6
scaffold_1092	24707	0	0.00	0	0
scaffold_1093	24578	75967	3.09	1	6
scaffold_1094	24452	298659	12.21	3	19
scaffold_1095	24399	115710	4.74	1	9
scaffold_1096	24396	73752	3.02	1	7
scaffold_1097	24319	148280	6.10	1	11
scaffold_1098	24254	0	0.00	0	0
scaffold_1099	24232	97609	4.03	1	7
scaffold_1100	24159	144482	5.98	2	9
scaffold_1101	24040	26808	1.12	0	2
scaffold_1102	24025	75368	3.14	1	4
scaffold_1103	23950	71498	2.99	1	5
scaffold_1104	23875	0	0.00	0	0
scaffold_1105	23851	102916	4.31	1	8
scaffold_1106	23817	104189	4.37	2	6
scaffold_1107	23798	0	0.00	0	0
scaffold_1108	23797	49283	2.07	1	3
scaffold_1109	23797	336563	14.14	1	25
scaffold_1110	23791	0	0.00	0	0
scaffold_1111	23790	57166	2.40	1	5
scaffold_1112	23779	104361	4.39	1	9
scaffold_1113	23768	92591	3.90	0	8
scaffold_1115	23711	37237	1.57	1	3
scaffold_1116	23703	23703	1.00	1	1
scaffold_1117	23645	70265	2.97	1	5
scaffold_1118	23606	150561	6.38	1	10
scaffold_1119	23519	106709	4.54	1	7
scaffold_1120	23419	0	0.00	0	0
scaffold_1121	23405	140550	6.01	1	11
scaffold_1122	23327	69279	2.97	1	6
scaffold_1123	23326	72000	3.09	0	5
scaffold_1124	23320	74758	3.21	1	5
scaffold_1125	23254	160666	6.91	1	13
scaffold_1126	23206	0	0.00	0	0
scaffold_1127	23155	0	0.00	0	0
scaffold_1128	23153	85001	3.67	1	7
scaffold_1129	23131	0	0.00	0	0
scaffold_1130	23058	81278	3.52	2	5
scaffold_1131	22973	0	0.00	0	0
scaffold_1132	22943	139265	6.07	1	11
scaffold_1133	22892	0	0.00	0	0
scaffold_1134	22816	69811	3.06	1	6
scaffold_1135	22741	0	0.00	0	0
scaffold_1136	22733	63692	2.80	1	5
scaffold_1137	22702	0	0.00	0	0
scaffold_1138	22635	55236	2.44	1	5
scaffold_1139	22632	80484	3.56	1	6
scaffold_1140	22560	157301	6.97	2	12
scaffold_1141	22536	112581	5.00	1	9
scaffold_1142	22476	116220	5.17	1	9
scaffold_1143	22475	0	0.00	0	0
scaffold_1144	22414	51156	2.28	1	4
scaffold_1145	22412	0	0.00	0	0
scaffold_1146	22372	198014	8.85	1	14
scaffold_1147	22309	0	0.00	0	0
scaffold_1148	22238	69160	3.11	1	6
scaffold_1149	22205	152087	6.85	1	12
scaffold_1150	22188	81108	3.66	1	6
scaffold_1151	22176	135859	6.13	1	10
scaffold_1152	22037	94807	4.30	1	7
scaffold_1153	21998	64605	2.94	1	5
scaffold_1154	21982	0	0.00	0	0
scaffold_1155	21873	85447	3.91	1	8
scaffold_1156	21820	422650	19.37	1	33
scaffold_1157	21769	131885	6.06	2	8
scaffold_1158	21741	0	0.00	0	0
scaffold_1159	21727	62459	2.87	1	5
scaffold_1160	21721	88019	4.05	1	7
scaffold_1161	21697	57102	2.63	1	4
scaffold_1162	21694	46219	2.13	0	5
scaffold_1163	21691	30319	1.40	0	3
scaffold_1164	21690	697864	32.17	21	42
scaffold_1165	21647	31766	1.47	0	3
scaffold_1166	21633	62415	2.89	1	5
scaffold_1167	21627	76383	3.53	1	6
scaffold_1168	21609	59227	2.74	1	5
scaffold_1169	21608	88932	4.12	1	7
scaffold_1170	21525	0	0.00	0	0
scaffold_1171	21504	112223	5.22	1	10
scaffold_1172	21482	50453	2.35	1	4
scaffold_1173	21453	48720	2.27	1	4
scaffold_1174	21351	71602	3.35	1	6
scaffold_1175	21344	0	0.00	0	0
scaffold_1176	21286	461482	21.68	1	36
scaffold_1177	21184	96628	4.56	1	8
scaffold_1178	21153	0	0.00	0	0
scaffold_1179	21142	370	0.02	0	1
scaffold_1180	21088	91393	4.33	1	8
scaffold_1181	20983	156110	7.44	2	10
scaffold_1182	20901	58828	2.81	1	5
scaffold_1183	20897	77387	3.70	1	6
scaffold_1184	20886	82800	3.96	1	7
scaffold_1185	20868	0	0.00	0	0
scaffold_1186	20786	239299	11.51	1	19
scaffold_1187	20786	0	0.00	0	0
scaffold_1188	20782	110279	5.31	1	9
scaffold_1189	20752	7887	0.38	0	1
scaffold_1190	20691	71388	3.45	1	7
scaffold_1191	20602	69325	3.36	0	5
scaffold_1192	20585	132237	6.42	2	11
scaffold_1193	20530	116467	5.67	2	9
scaffold_1194	20458	25029	1.22	0	2
scaffold_1195	20456	73523	3.59	2	5
scaffold_1196	20455	52659	2.57	1	5
scaffold_1197	20361	70597	3.47	2	6
scaffold_1198	20341	57325	2.82	0	5
scaffold_1199	20299	79161	3.90	1	6
scaffold_1200	20292	28650	1.41	1	2
scaffold_1201	20254	0	0.00	0	0
scaffold_1202	20197	138549	6.86	1	11
scaffold_1203	20185	101494	5.03	1	8
scaffold_1204	20162	0	0.00	0	0
scaffold_1205	20152	422884	20.98	4	31
scaffold_1206	20105	196385	9.77	0	16
scaffold_1207	20086	0	0.00	0	0
scaffold_1208	20057	186982	9.32	0	14
scaffold_1209	19930	90236	4.53	1	6
scaffold_1210	19908	0	0.00	0	0
scaffold_1211	19901	150824	7.58	2	18
scaffold_1212	19798	55646	2.81	1	5
scaffold_1213	19734	0	0.00	0	0
scaffold_1214	19615	19797	1.01	0	2
scaffold_1215	19580	160568	8.20	2	12
scaffold_1216	19546	81151	4.15	1	7
scaffold_1217	19519	2500	0.13	0	1
scaffold_1218	19476	101236	5.20	1	9
scaffold_1219	19445	0	0.00	0	0
scaffold_1220	19395	92240	4.76	1	7
scaffold_1221	19375	89923	4.64	2	7
scaffold_1222	19306	0	0.00	0	0
scaffold_1223	19200	103086	5.37	1	9
scaffold_1224	19184	0	0.00	0	0
scaffold_1225	19177	185862	9.69	2	16
scaffold_1226	19159	809	0.04	0	1
scaffold_1227	19107	32714	1.71	0	3
scaffold_1228	19089	0	0.00	0	0
scaffold_1229	18972	111974	5.90	1	11
scaffold_1230	18963	23869	1.26	0	2
scaffold_1231	18957	81877	4.32	1	7
scaffold_1232	18945	0	0.00	0	0
scaffold_1233	18595	0	0.00	0	0
scaffold_1234	18582	80859	4.35	1	6
scaffold_1235	18572	0	0.00	0	0
scaffold_1236	18526	56209	3.03	1	5
scaffold_1237	18512	23451	1.27	0	3
scaffold_1238	18481	714	0.04	0	1
scaffold_1239	18440	32387	1.76	0	3
scaffold_1240	18322	0	0.00	0	0
scaffold_1241	18219	68586	3.76	1	6
scaffold_1242	18198	99849	5.49	1	10
scaffold_1243	18102	6757	0.37	0	1
scaffold_1244	18058	63481	3.52	1	5
scaffold_1245	18003	0	0.00	0	0
scaffold_1246	17989	181457	10.09	2	15
scaffold_1247	17917	62638	3.50	1	6
scaffold_1248	17825	0	0.00	0	0
scaffold_1249	17746	89258	5.03	1	7
scaffold_1250	17697	0	0.00	0	0
scaffold_1251	17619	0	0.00	0	0
scaffold_1252	17595	0	0.00	0	0
scaffold_1253	17582	479939	27.30	17	32
scaffold_1254	17563	130144	7.41	1	18
scaffold_1255	17491	0	0.00	0	0
scaffold_1256	17277	0	0.00	0	0
scaffold_1257	17192	0	0.00	0	0
scaffold_1258	17187	13672	0.80	0	1
scaffold_1259	17119	94804	5.54	1	7
scaffold_1260	17115	0	0.00	0	0
scaffold_1261	17114	0	0.00	0	0
scaffold_1262	17047	0	0.00	0	0
scaffold_1263	16892	49368	2.92	0	4
scaffold_1264	16879	0	0.00	0	0
scaffold_1265	16857	0	0.00	0	0
scaffold_1266	16840	0	0.00	0	0
scaffold_1267	16792	73444	4.37	1	6
scaffold_1268	16788	0	0.00	0	0
scaffold_1269	16634	889	0.05	0	2
scaffold_1270	16603	0	0.00	0	0
scaffold_1271	16570	42264	2.55	1	3
scaffold_1272	16528	68451	4.14	1	6
scaffold_1273	16434	106016	6.45	1	9
scaffold_1274	16351	39047	2.39	1	3
scaffold_1275	16274	0	0.00	0	0
scaffold_1276	16224	0	0.00	0	0
scaffold_1277	16217	45358	2.80	1	4
scaffold_1278	16212	44786	2.76	0	4
scaffold_1279	16204	34441	2.13	0	4
scaffold_1280	16088	125393	7.79	1	10
scaffold_1281	16001	0	0.00	0	0
scaffold_1282	15886	44428	2.80	1	4
scaffold_1283	15861	77711	4.90	1	7
scaffold_1284	15792	74654	4.73	1	7
scaffold_1285	15664	15664	1.00	1	1
scaffold_1286	15632	0	0.00	0	0
scaffold_1287	15611	15611	1.00	1	1
scaffold_1288	15491	236	0.02	0	1
scaffold_1289	15302	0	0.00	0	0
scaffold_1290	15231	0	0.00	0	0
scaffold_1291	14993	233374	15.57	5	21
scaffold_1292	14928	0	0.00	0	0
scaffold_1293	14921	206317	13.83	2	18
scaffold_1294	14921	0	0.00	0	0
scaffold_1295	14853	0	0.00	0	0
scaffold_1296	14741	0	0.00	0	0
scaffold_1297	14705	0	0.00	0	0
scaffold_1298	14677	0	0.00	0	0
scaffold_1299	14616	7657	0.52	0	2
scaffold_1300	14489	0	0.00	0	0
scaffold_1301	14452	46247	3.20	0	4
scaffold_1302	14174	0	0.00	0	0
scaffold_1303	13654	0	0.00	0	0
scaffold_1304	13572	0	0.00	0	0
scaffold_1305	13397	0	0.00	0	0
scaffold_1306	13275	0	0.00	0	0
scaffold_1307	13092	1482	0.11	0	1
scaffold_1308	13082	35136	2.69	1	3
scaffold_1309	13038	0	0.00	0	0
scaffold_1310	12559	0	0.00	0	0
scaffold_1311	12538	0	0.00	0	0
scaffold_1312	12415	3348	0.27	0	2
scaffold_1313	12304	34582	2.81	1	4
scaffold_1314	12221	0	0.00	0	0
scaffold_1315	11859	0	0.00	0	0
scaffold_1316	11571	0	0.00	0	0
scaffold_1317	11139	0	0.00	0	0
scaffold_1318	10914	0	0.00	0	0
scaffold_1319	10215	0	0.00	0	0
scaffold_1320	7827	0	0.00	0	0
total	2166636188	59565885515	27.49	0	320
