chrom	length	bases	mean	min	max
scaffold_1	433800706	13828160319	31.88	0	108
scaffold_2	372385389	11721628984	31.48	0	569
scaffold_3	264689646	8326950413	31.46	0	631
scaffold_4	215138630	6671993280	31.01	0	310
scaffold_5	171393982	2790370613	16.28	0	76
scaffold_6	142371158	4399770710	30.90	0	71
scaffold_7	104019224	3101954668	29.82	0	156
scaffold_8	37500610	945614350	25.22	0	87
scaffold_9	30326030	886018374	29.22	0	137
scaffold_10	26971905	717834681	26.61	0	62
scaffold_11	26340354	729618534	27.70	0	58
scaffold_12	24591610	655757589	26.67	0	68
scaffold_13	19305126	531431127	27.53	0	64
scaffold_14	17114789	437016067	25.53	0	155
scaffold_15	14768194	330979383	22.41	0	68
scaffold_16	13544800	301884720	22.29	0	88
scaffold_17	5039522	75164465	14.91	0	60
scaffold_18	4885571	123396785	25.26	0	70
scaffold_19	4512117	66730507	14.79	0	61
scaffold_20	3167289	39271291	12.40	0	37
scaffold_21	3096389	47458906	15.33	0	50
scaffold_22	2939847	44212038	15.04	0	96
scaffold_23	2743813	42858394	15.62	0	45
scaffold_24	2653721	63564472	23.95	1	94
scaffold_25	2583581	40928156	15.84	0	61
scaffold_26	2384952	30783452	12.91	0	54
scaffold_27	2201614	32498772	14.76	0	32
scaffold_28	2159389	37507198	17.37	0	61
scaffold_29	2137873	43294261	20.25	0	86
scaffold_30	1941140	30017219	15.46	0	65
scaffold_31	1899126	51506877	27.12	0	53
scaffold_32	1835837	30468600	16.60	0	59
scaffold_33	1625828	27852583	17.13	0	44
scaffold_34	1595397	16777012	10.52	0	28
scaffold_35	1534484	30226884	19.70	0	94
scaffold_36	1505925	22541006	14.97	1	29
scaffold_37	1368285	17343400	12.68	0	41
scaffold_38	1297315	12680195	9.77	0	32
scaffold_39	1290845	22934535	17.77	0	71
scaffold_40	1282042	18457255	14.40	0	58
scaffold_41	1227656	29719500	24.21	0	67
scaffold_42	1185661	23010237	19.41	1	65
scaffold_43	1148605	17449657	15.19	0	61
scaffold_44	1096612	18252023	16.64	0	81
scaffold_45	1086189	14999974	13.81	0	29
scaffold_46	1052786	12600712	11.97	0	83
scaffold_47	998428	13022168	13.04	0	33
scaffold_48	972048	9512978	9.79	0	45
scaffold_49	952601	15100266	15.85	2	63
scaffold_50	951511	13505861	14.19	0	56
scaffold_51	940024	13454295	14.31	1	27
scaffold_52	924215	19335341	20.92	0	76
scaffold_53	922701	16682550	18.08	0	47
scaffold_54	920507	12709564	13.81	0	65
scaffold_55	920275	13606685	14.79	0	37
scaffold_56	909147	19253901	21.18	0	56
scaffold_57	908900	27432123	30.18	0	74
scaffold_58	904647	9279453	10.26	1	24
scaffold_59	891937	15062519	16.89	0	44
scaffold_60	859641	12724782	14.80	1	44
scaffold_61	829793	7533981	9.08	0	65
scaffold_62	820244	10129276	12.35	0	65
scaffold_63	814126	19311313	23.72	0	69
scaffold_64	767762	15066718	19.62	0	58
scaffold_65	765046	12425042	16.24	3	35
scaffold_66	764407	11639414	15.23	0	106
scaffold_67	764358	22106885	28.92	0	52
scaffold_68	759841	5818077	7.66	0	47
scaffold_69	752378	9961966	13.24	0	39
scaffold_70	736157	18509594	25.14	0	84
scaffold_71	733700	10972092	14.95	0	31
scaffold_72	714907	13889166	19.43	0	59
scaffold_73	706596	14646792	20.73	1	52
scaffold_74	704558	22145559	31.43	3	80
scaffold_75	703091	21871528	31.11	0	67
scaffold_76	699443	4307844	6.16	0	24
scaffold_77	695658	8909415	12.81	0	40
scaffold_78	687983	5313155	7.72	0	35
scaffold_79	674829	7570912	11.22	0	63
scaffold_80	636408	9255739	14.54	0	41
scaffold_81	632156	7210652	11.41	1	22
scaffold_82	630655	9489708	15.05	0	62
scaffold_83	630424	7687734	12.19	0	42
scaffold_84	618935	6153017	9.94	1	20
scaffold_85	601475	6863698	11.41	0	75
scaffold_86	600646	10016749	16.68	0	55
scaffold_87	597950	4435607	7.42	1	16
scaffold_88	590229	6327736	10.72	0	29
scaffold_89	587799	9152597	15.57	0	41
scaffold_90	582812	11668325	20.02	1	44
scaffold_91	576821	7517192	13.03	0	57
scaffold_92	574623	11418941	19.87	0	64
scaffold_93	566767	5458437	9.63	0	25
scaffold_94	557161	15991518	28.70	1	49
scaffold_95	552680	5627409	10.18	0	45
scaffold_96	552607	5558199	10.06	1	23
scaffold_97	541341	7112174	13.14	0	40
scaffold_98	541244	11775804	21.76	0	83
scaffold_99	536175	14054284	26.21	0	64
scaffold_100	532119	5945551	11.17	0	31
scaffold_101	529623	16220050	30.63	0	56
scaffold_102	528440	9045306	17.12	0	60
scaffold_103	525782	7851779	14.93	0	58
scaffold_104	524994	8382589	15.97	1	30
scaffold_105	522632	4233678	8.10	0	24
scaffold_106	517738	7819776	15.10	0	51
scaffold_107	515765	16076263	31.17	0	88
scaffold_108	510983	3830514	7.50	0	24
scaffold_109	509040	10099639	19.84	0	48
scaffold_110	506428	7559390	14.93	0	69
scaffold_111	504216	12046119	23.89	0	44
scaffold_112	499388	5537169	11.09	1	28
scaffold_113	482817	3659154	7.58	0	70
scaffold_114	482808	7472747	15.48	0	44
scaffold_115	482492	6777866	14.05	1	29
scaffold_116	481922	7622431	15.82	0	40
scaffold_117	479433	6956464	14.51	1	35
scaffold_118	477548	6389360	13.38	2	26
scaffold_119	472568	6836938	14.47	0	44
scaffold_120	460115	3133578	6.81	0	18
scaffold_121	443437	1290938	2.91	0	31
scaffold_122	443272	10275029	23.18	0	53
scaffold_123	431548	3449577	7.99	0	19
scaffold_124	430674	3894188	9.04	0	24
scaffold_125	430278	10384513	24.13	0	63
scaffold_126	429473	2763570	6.43	0	72
scaffold_127	427873	10286843	24.04	0	63
scaffold_128	426824	5672558	13.29	0	50
scaffold_129	424034	22539787	53.16	0	97
scaffold_130	420253	4978599	11.85	1	26
scaffold_131	417582	6147099	14.72	0	36
scaffold_132	413933	5728573	13.84	0	48
scaffold_133	413842	4756815	11.49	0	51
scaffold_134	412764	5023181	12.17	1	30
scaffold_135	412054	3655452	8.87	1	17
scaffold_136	411527	5904262	14.35	1	28
scaffold_137	409052	332560	0.81	0	23
scaffold_138	408673	5558456	13.60	1	30
scaffold_139	403702	3364137	8.33	0	49
scaffold_140	402550	5474921	13.60	0	41
scaffold_141	392989	7224008	18.38	0	57
scaffold_142	390412	3119221	7.99	0	25
scaffold_143	389128	6936841	17.83	0	53
scaffold_144	386683	5572103	14.41	1	29
scaffold_145	386509	6510104	16.84	0	42
scaffold_146	384542	2389043	6.21	0	16
scaffold_147	384120	2924315	7.61	1	17
scaffold_148	383936	4913567	12.80	0	35
scaffold_149	378182	2288675	6.05	0	35
scaffold_150	377893	5620050	14.87	2	38
scaffold_151	375101	6373037	16.99	0	38
scaffold_152	368221	1410957	3.83	0	32
scaffold_153	366427	5446663	14.86	1	43
scaffold_154	361820	13327218	36.83	0	75
scaffold_155	361643	8123706	22.46	0	42
scaffold_156	361075	4169334	11.55	1	25
scaffold_157	351391	249214	0.71	0	19
scaffold_158	351385	8176489	23.27	0	65
scaffold_159	349637	7111286	20.34	0	64
scaffold_160	346988	6011348	17.32	0	42
scaffold_161	344937	1210500	3.51	0	11
scaffold_162	343989	5105748	14.84	0	55
scaffold_163	341192	2181230	6.39	0	30
scaffold_164	340460	2773382	8.15	1	20
scaffold_165	338565	4571216	13.50	1	31
scaffold_166	338380	12179267	35.99	0	107
scaffold_167	334872	3122014	9.32	0	26
scaffold_168	334068	4711665	14.10	0	63
scaffold_169	328784	2634086	8.01	1	19
scaffold_170	327898	209933	0.64	0	9
scaffold_171	327451	4791385	14.63	0	43
scaffold_172	322410	2177002	6.75	0	25
scaffold_173	320762	2513588	7.84	1	15
scaffold_174	319612	977475	3.06	0	35
scaffold_175	315957	5874589	18.59	0	46
scaffold_176	313413	4939184	15.76	1	32
scaffold_177	312966	2597719	8.30	0	28
scaffold_178	312742	6941700	22.20	0	59
scaffold_179	312155	4324202	13.85	3	34
scaffold_180	309014	2509260	8.12	0	54
scaffold_181	308399	3898398	12.64	1	26
scaffold_182	308107	3478723	11.29	1	23
scaffold_183	306359	4373529	14.28	0	43
scaffold_184	306090	9179806	29.99	1	53
scaffold_185	305032	5214576	17.10	0	45
scaffold_186	300000	9612260	32.04	0	72
scaffold_187	299327	2757451	9.21	1	19
scaffold_188	298213	1624624	5.45	0	15
scaffold_189	297460	1896682	6.38	0	19
scaffold_190	295794	2522125	8.53	1	20
scaffold_191	294262	2091473	7.11	1	20
scaffold_192	287033	6452935	22.48	0	43
scaffold_193	282409	4668151	16.53	0	57
scaffold_194	282312	4155143	14.72	0	45
scaffold_195	281180	4279097	15.22	0	36
scaffold_196	281043	156535	0.56	0	11
scaffold_197	280974	1055890	3.76	0	23
scaffold_198	278901	530543	1.90	0	28
scaffold_199	278701	4096194	14.70	1	26
scaffold_200	278535	11741912	42.16	0	118
scaffold_201	277751	1138787	4.10	0	44
scaffold_202	276944	1022225	3.69	0	31
scaffold_203	275958	2705222	9.80	0	45
scaffold_204	272522	5503309	20.19	0	47
scaffold_205	268917	1605786	5.97	0	22
scaffold_206	268458	1322305	4.93	0	20
scaffold_207	267322	696136	2.60	0	11
scaffold_208	264997	3796669	14.33	1	27
scaffold_209	262326	5166072	19.69	0	38
scaffold_210	259019	1528462	5.90	1	17
scaffold_211	258118	2354716	9.12	0	24
scaffold_212	258111	4096201	15.87	0	90
scaffold_213	255803	3383343	13.23	1	27
scaffold_214	254807	2879045	11.30	3	24
scaffold_215	253759	3014350	11.88	0	58
scaffold_216	253459	15149264	59.77	0	85
scaffold_217	250226	3952565	15.80	0	49
scaffold_218	248253	2333758	9.40	1	23
scaffold_219	245221	934317	3.81	0	29
scaffold_220	244149	64654	0.26	0	2
scaffold_221	243598	3404412	13.98	0	40
scaffold_222	243248	2425439	9.97	0	28
scaffold_223	240258	2395630	9.97	0	28
scaffold_224	239996	2303314	9.60	0	39
scaffold_225	238982	205073	0.86	0	16
scaffold_226	237277	3837445	16.17	0	36
scaffold_227	232182	3686994	15.88	0	80
scaffold_228	229520	2927959	12.76	0	28
scaffold_229	227770	1940423	8.52	0	46
scaffold_230	226946	1445123	6.37	1	13
scaffold_231	226700	88590	0.39	0	6
scaffold_232	226579	6675819	29.46	5	48
scaffold_233	225774	762049	3.38	0	10
scaffold_234	225761	2848966	12.62	1	28
scaffold_235	225406	583749	2.59	0	30
scaffold_236	224737	47171	0.21	0	9
scaffold_237	223744	5474864	24.47	1	45
scaffold_238	219408	4036019	18.40	0	55
scaffold_239	219318	9206374	41.98	0	72
scaffold_240	219104	1146949	5.23	1	10
scaffold_241	218736	1420441	6.49	0	19
scaffold_242	218417	5946821	27.23	0	96
scaffold_243	217340	6541142	30.10	0	77
scaffold_244	216810	4672442	21.55	3	51
scaffold_245	216490	3498613	16.16	1	36
scaffold_246	216208	1359350	6.29	0	34
scaffold_247	216191	1401745	6.48	0	21
scaffold_248	214767	4049583	18.86	1	37
scaffold_249	214687	1195664	5.57	0	61
scaffold_250	213476	1702727	7.98	0	55
scaffold_251	213390	6820963	31.96	6	95
scaffold_252	213248	774883	3.63	0	18
scaffold_253	212732	2505974	11.78	0	30
scaffold_254	212173	2616515	12.33	5	23
scaffold_255	209350	1199450	5.73	1	12
scaffold_256	209284	1262171	6.03	1	16
scaffold_257	208362	3998426	19.19	2	34
scaffold_258	206404	1645410	7.97	0	21
scaffold_259	206213	692850	3.36	0	34
scaffold_260	205293	1300777	6.34	0	39
scaffold_261	204958	1733211	8.46	0	29
scaffold_262	204538	71614	0.35	0	4
scaffold_263	203518	808519	3.97	0	37
scaffold_264	201849	1185095	5.87	0	17
scaffold_265	201706	224868	1.11	0	9
scaffold_266	200082	1551739	7.76	1	18
scaffold_267	198762	4487687	22.58	0	55
scaffold_268	198742	5640305	28.38	0	109
scaffold_269	197595	11785495	59.64	4	94
scaffold_270	197589	331571	1.68	0	20
scaffold_271	195098	750299	3.85	0	43
scaffold_272	193184	4196459	21.72	1	70
scaffold_273	192037	4225241	22.00	0	66
scaffold_274	188938	2366084	12.52	0	88
scaffold_275	188880	1022681	5.41	1	14
scaffold_276	186308	2068153	11.10	0	20
scaffold_277	184984	1628645	8.80	0	24
scaffold_278	184466	132171	0.72	0	4
scaffold_279	182262	533215	2.93	0	21
scaffold_280	179883	1152494	6.41	1	19
scaffold_281	179309	498498	2.78	0	18
scaffold_282	179276	1092203	6.09	1	14
scaffold_283	178424	736108	4.13	0	11
scaffold_284	176264	1707502	9.69	1	21
scaffold_285	174641	2711583	15.53	0	40
scaffold_286	172215	237042	1.38	0	16
scaffold_287	171266	0	0.00	0	0
scaffold_288	171144	965954	5.64	0	69
scaffold_289	170626	46185	0.27	0	3
scaffold_290	170489	839024	4.92	0	19
scaffold_291	170164	906834	5.33	0	15
scaffold_292	168239	984631	5.85	1	15
scaffold_293	167793	0	0.00	0	0
scaffold_294	167076	4786452	28.65	0	44
scaffold_295	166496	3401019	20.43	1	58
scaffold_296	163925	2993492	18.26	0	45
scaffold_297	162484	14812	0.09	0	1
scaffold_298	162412	1181843	7.28	0	39
scaffold_299	162219	902802	5.57	1	12
scaffold_300	161639	1673850	10.36	0	42
scaffold_301	161098	3551221	22.04	0	42
scaffold_302	159321	75790	0.48	0	4
scaffold_303	158756	767655	4.84	1	9
scaffold_304	158599	937318	5.91	1	15
scaffold_305	157980	2000263	12.66	0	26
scaffold_306	157598	743951	4.72	0	18
scaffold_307	157524	26821	0.17	0	3
scaffold_308	156978	3603862	22.96	3	42
scaffold_309	156428	924586	5.91	0	34
scaffold_310	156228	769927	4.93	1	11
scaffold_311	156159	96672	0.62	0	4
scaffold_312	156064	3964286	25.40	1	40
scaffold_313	155889	12601	0.08	0	2
scaffold_314	155884	1895326	12.16	1	20
scaffold_315	154665	10519	0.07	0	1
scaffold_316	153955	3757441	24.41	1	38
scaffold_317	153158	3656922	23.88	1	44
scaffold_318	153104	591652	3.86	0	9
scaffold_319	152545	877499	5.75	1	13
scaffold_320	152513	2193085	14.38	0	31
scaffold_321	151307	575390	3.80	0	17
scaffold_322	151194	3291830	21.77	0	56
scaffold_323	150089	0	0.00	0	0
scaffold_324	149453	1368911	9.16	0	24
scaffold_325	148389	2091195	14.09	0	42
scaffold_326	147800	905209	6.12	1	15
scaffold_327	147337	565314	3.84	1	8
scaffold_328	146914	236617	1.61	0	11
scaffold_329	146899	68049	0.46	0	6
scaffold_330	146722	344935	2.35	0	11
scaffold_331	146706	1263683	8.61	1	16
scaffold_332	145388	92614	0.64	0	6
scaffold_333	145017	939435	6.48	0	15
scaffold_334	144782	2123170	14.66	0	37
scaffold_335	144662	695157	4.81	1	10
scaffold_336	144121	1059864	7.35	1	14
scaffold_337	143659	2887974	20.10	1	40
scaffold_338	143555	3215853	22.40	1	35
scaffold_339	142383	529247	3.72	0	9
scaffold_340	141930	2479375	17.47	3	46
scaffold_341	141773	2997030	21.14	3	35
scaffold_342	141724	2492260	17.59	0	55
scaffold_343	141541	841297	5.94	0	58
scaffold_344	141217	790683	5.60	1	11
scaffold_345	141052	4268908	30.26	1	48
scaffold_346	140099	805400	5.75	2	12
scaffold_347	139655	762523	5.46	1	10
scaffold_348	138748	2212288	15.94	0	37
scaffold_349	138648	926706	6.68	0	15
scaffold_350	138618	567136	4.09	0	20
scaffold_351	138224	952822	6.89	0	45
scaffold_352	137645	722602	5.25	0	14
scaffold_353	137098	760478	5.55	1	12
scaffold_354	137056	387198	2.83	0	8
scaffold_355	136060	2212355	16.26	1	29
scaffold_356	135816	3660107	26.95	1	45
scaffold_357	135454	700089	5.17	0	13
scaffold_358	133971	1996844	14.91	1	39
scaffold_359	133593	575549	4.31	1	9
scaffold_360	132098	27133	0.21	0	2
scaffold_361	131953	1420956	10.77	0	35
scaffold_362	131609	785703	5.97	0	14
scaffold_363	131597	603699	4.59	0	16
scaffold_364	131398	441220	3.36	0	12
scaffold_365	130397	2069644	15.87	1	44
scaffold_366	130948	825327	6.30	1	10
scaffold_367	129923	15213	0.12	0	1
scaffold_368	129343	556863	4.31	1	8
scaffold_369	129038	1384801	10.73	0	67
scaffold_370	128107	762008	5.95	0	42
scaffold_371	127948	943370	7.37	1	19
scaffold_372	127938	1339798	10.47	1	20
scaffold_373	127626	10820	0.08	0	1
scaffold_374	126610	280010	2.21	0	17
scaffold_375	126388	1227393	9.71	0	19
scaffold_376	124459	3036600	24.40	1	46
scaffold_377	124316	593586	4.77	1	9
scaffold_378	122307	6218741	50.85	1	72
scaffold_379	122028	721437	5.91	1	10
scaffold_380	121616	10455	0.09	0	1
scaffold_381	121559	2505873	20.61	0	57
scaffold_382	121543	1294401	10.65	1	21
scaffold_383	119690	1875831	15.67	1	30
scaffold_384	119073	1157925	9.72	1	19
scaffold_385	119068	1518747	12.76	1	25
scaffold_386	118340	793842	6.71	0	25
scaffold_387	118106	2273973	19.25	1	37
scaffold_388	118038	622630	5.27	0	13
scaffold_389	118017	2617046	22.18	1	43
scaffold_390	117827	1265421	10.74	0	35
scaffold_391	117322	788201	6.72	0	37
scaffold_392	117257	535783	4.57	1	9
scaffold_393	117205	2889016	24.65	1	49
scaffold_394	117175	284692	2.43	0	12
scaffold_395	116627	2175675	18.65	3	31
scaffold_396	116134	1086648	9.36	1	18
scaffold_397	115176	689940	5.99	1	13
scaffold_398	115136	675494	5.87	1	11
scaffold_399	114589	622870	5.44	1	11
scaffold_400	114551	322271	2.81	0	9
scaffold_401	113970	2686393	23.57	5	44
scaffold_402	112761	1428432	12.67	1	38
scaffold_403	112363	482020	4.29	0	14
scaffold_404	111605	3626130	32.49	1	78
scaffold_405	111548	659681	5.91	1	12
scaffold_406	111428	0	0.00	0	0
scaffold_407	111388	0	0.00	0	0
scaffold_408	111281	521506	4.69	1	9
scaffold_409	111147	458	0.00	0	1
scaffold_410	111095	1654132	14.89	0	31
scaffold_411	110994	480544	4.33	0	14
scaffold_412	110514	704866	6.38	0	22
scaffold_413	110489	70623	0.64	0	6
scaffold_414	110160	693854	6.30	0	23
scaffold_415	109900	499004	4.54	0	11
scaffold_416	109610	2585893	23.59	4	47
scaffold_417	109236	542930	4.97	0	16
scaffold_418	109200	2491279	22.81	1	37
scaffold_419	109012	981966	9.01	1	20
scaffold_420	108348	23163	0.21	0	2
scaffold_421	108248	772422	7.14	1	14
scaffold_422	107566	2139294	19.89	3	39
scaffold_423	107487	3838148	35.71	1	72
scaffold_424	107444	440554	4.10	0	11
scaffold_425	107191	390857	3.65	0	11
scaffold_426	107004	223955	2.09	0	9
scaffold_427	106922	812772	7.60	1	20
scaffold_428	106568	579877	5.44	0	15
scaffold_429	106530	451109	4.23	1	7
scaffold_430	106347	1452332	13.66	1	38
scaffold_431	106128	928102	8.75	0	19
scaffold_432	105245	396707	3.77	1	7
scaffold_433	105080	1707452	16.25	0	35
scaffold_434	105053	1666470	15.86	3	34
scaffold_435	104899	461586	4.40	1	10
scaffold_436	104627	1915655	18.31	1	33
scaffold_437	104625	444176	4.25	1	10
scaffold_438	104206	385236	3.70	0	18
scaffold_439	104187	501381	4.81	0	39
scaffold_440	104099	825367	7.93	0	23
scaffold_441	102750	1014709	9.88	1	16
scaffold_442	102491	9643	0.09	0	1
scaffold_443	102486	0	0.00	0	0
scaffold_444	102424	1002469	9.79	0	39
scaffold_445	101880	501938	4.93	1	10
scaffold_446	101472	0	0.00	0	0
scaffold_447	101047	1857651	18.38	1	40
scaffold_448	100984	2147970	21.27	0	42
scaffold_449	100967	908185	8.99	1	23
scaffold_450	100760	232976	2.31	0	12
scaffold_451	100428	620435	6.18	1	14
scaffold_452	99952	509714	5.10	1	9
scaffold_453	99843	702438	7.04	1	14
scaffold_454	99732	906242	9.09	0	22
scaffold_455	99592	449807	4.52	1	10
scaffold_456	99332	2069429	20.83	1	32
scaffold_457	99056	425731	4.30	0	13
scaffold_458	98708	601384	6.09	0	19
scaffold_459	98391	449379	4.57	0	11
scaffold_460	98171	295401	3.01	1	9
scaffold_461	98086	2083837	21.24	1	48
scaffold_462	98041	631131	6.44	2	11
scaffold_463	97863	97433	1.00	0	7
scaffold_464	97766	603916	6.18	1	12
scaffold_465	97289	615558	6.33	0	35
scaffold_466	97239	1174348	12.08	3	27
scaffold_467	96904	0	0.00	0	0
scaffold_468	96623	1654569	17.12	1	30
scaffold_469	96252	490386	5.09	1	9
scaffold_470	96148	1702049	17.70	1	38
scaffold_471	95558	566529	5.93	1	13
scaffold_472	95167	269032	2.83	0	7
scaffold_473	94952	31238	0.33	0	2
scaffold_474	94913	777400	8.19	1	26
scaffold_475	94891	970932	10.23	1	21
scaffold_476	94790	838415	8.84	1	14
scaffold_477	94697	581641	6.14	0	21
scaffold_478	94453	0	0.00	0	0
scaffold_479	93919	5454	0.06	0	1
scaffold_480	93534	1483207	15.86	1	37
scaffold_481	93444	339525	3.63	0	7
scaffold_482	93366	0	0.00	0	0
scaffold_483	93330	433665	4.65	2	11
scaffold_484	92847	3354613	36.13	1	76
scaffold_485	92754	65734	0.71	0	5
scaffold_486	92717	342618	3.70	1	8
scaffold_487	92366	1792254	19.40	1	40
scaffold_488	91350	0	0.00	0	0
scaffold_489	91287	1477888	16.19	1	31
scaffold_490	90950	0	0.00	0	0
scaffold_491	90938	1746923	19.21	1	47
scaffold_492	90904	633365	6.97	1	20
scaffold_493	90674	1434985	15.83	0	30
scaffold_494	90652	378907	4.18	1	8
scaffold_495	90639	705799	7.79	2	24
scaffold_496	90450	450897	4.99	1	12
scaffold_497	90295	122707	1.36	0	3
scaffold_498	90225	0	0.00	0	0
scaffold_499	90205	2073953	22.99	1	59
scaffold_500	89787	603452	6.72	0	19
scaffold_501	89672	0	0.00	0	0
scaffold_502	89562	360952	4.03	0	21
scaffold_503	89495	306774	3.43	1	8
scaffold_504	89432	0	0.00	0	0
scaffold_505	89305	11447	0.13	0	1
scaffold_506	89165	66247	0.74	0	5
scaffold_507	88963	44720	0.50	0	3
scaffold_508	88817	2575125	28.99	1	44
scaffold_509	88711	377022	4.25	2	8
scaffold_510	88643	27410	0.31	0	3
scaffold_511	88086	301376	3.42	0	9
scaffold_512	88009	526876	5.99	0	15
scaffold_513	87890	1051206	11.96	0	47
scaffold_514	87700	461220	5.26	0	16
scaffold_515	87622	796635	9.09	0	39
scaffold_516	87502	236847	2.71	0	13
scaffold_517	87339	308247	3.53	0	8
scaffold_518	87275	293691	3.37	1	6
scaffold_519	87251	340487	3.90	1	8
scaffold_520	87113	2225589	25.55	9	38
scaffold_521	87088	930838	10.69	0	27
scaffold_522	86958	559272	6.43	1	12
scaffold_523	86925	532902	6.13	0	12
scaffold_524	86562	147750	1.71	0	12
scaffold_525	86429	86783	1.00	0	3
scaffold_526	86116	1716483	19.93	0	61
scaffold_527	86004	395955	4.60	1	11
scaffold_528	85928	1871362	21.78	3	38
scaffold_529	85418	664487	7.78	2	19
scaffold_530	85155	205425	2.41	0	6
scaffold_531	84917	2675392	31.51	0	50
scaffold_532	84703	1652307	19.51	5	45
scaffold_533	84600	518375	6.13	1	13
scaffold_534	83957	402582	4.80	2	8
scaffold_535	83943	152686	1.82	0	10
scaffold_536	83797	0	0.00	0	0
scaffold_537	83197	465866	5.60	1	9
scaffold_538	82976	476174	5.74	0	23
scaffold_539	82850	1404426	16.95	1	30
scaffold_540	82657	1882930	22.78	2	40
scaffold_541	82580	978	0.01	0	1
scaffold_542	81933	287318	3.51	0	10
scaffold_543	81745	461156	5.64	1	11
scaffold_544	81736	375603	4.60	1	8
scaffold_545	81648	439015	5.38	1	10
scaffold_546	81564	451511	5.54	1	10
scaffold_547	81564	295361	3.62	0	8
scaffold_548	81533	352010	4.32	0	21
scaffold_549	81441	1950387	23.95	0	57
scaffold_550	81411	275083	3.38	1	7
scaffold_551	81406	378309	4.65	2	8
scaffold_552	81107	420717	5.19	1	10
scaffold_553	81025	367392	4.53	1	9
scaffold_554	80847	254478	3.15	1	6
scaffold_555	80824	1334855	16.52	2	32
scaffold_556	80554	30017	0.37	0	2
scaffold_557	80466	237062	2.95	0	9
scaffold_558	80436	675283	8.40	1	22
scaffold_559	80255	27305	0.34	0	6
scaffold_560	80191	690279	8.61	1	14
scaffold_561	80152	444952	5.55	1	14
scaffold_562	80027	472507	5.90	1	15
scaffold_563	79748	375947	4.71	1	11
scaffold_564	79616	226498	2.84	0	10
scaffold_565	79556	683231	8.59	3	18
scaffold_566	79311	412973	5.21	1	9
scaffold_567	79260	464350	5.86	1	11
scaffold_568	79258	439009	5.54	1	12
scaffold_569	79197	1838084	23.21	2	40
scaffold_570	78593	698163	8.88	1	19
scaffold_571	78512	1135026	14.46	1	48
scaffold_572	78407	0	0.00	0	0
scaffold_573	78183	524547	6.71	1	13
scaffold_574	77665	375262	4.83	1	9
scaffold_575	77652	269281	3.47	0	12
scaffold_576	77429	317602	4.10	1	9
scaffold_577	77152	301598	3.91	1	7
scaffold_578	77043	2476148	32.14	0	62
scaffold_579	77018	508676	6.60	1	19
scaffold_580	76702	958343	12.49	1	26
scaffold_581	76412	438410	5.74	1	10
scaffold_582	76378	1061370	13.90	1	29
scaffold_583	76286	369575	4.84	1	10
scaffold_584	76254	343927	4.51	0	16
scaffold_585	76181	0	0.00	0	0
scaffold_586	76058	330864	4.35	1	9
scaffold_587	75949	599306	7.89	1	17
scaffold_588	75916	427167	5.63	1	11
scaffold_589	75727	241142	3.18	0	9
scaffold_590	75704	49685	0.66	0	4
scaffold_591	75497	88219	1.17	0	7
scaffold_592	75488	458027	6.07	1	14
scaffold_593	75348	223058	2.96	1	5
scaffold_594	75132	363874	4.84	1	9
scaffold_595	74686	4198	0.06	0	1
scaffold_596	74512	590274	7.92	0	22
scaffold_597	74323	1265340	17.02	2	34
scaffold_598	74316	1639646	22.06	1	39
scaffold_599	73810	370897	5.03	1	9
scaffold_600	73512	999880	13.60	3	41
scaffold_601	73396	374038	5.10	1	8
scaffold_602	73294	1297215	17.70	5	32
scaffold_603	73281	3014275	41.13	3	57
scaffold_604	73209	369626	5.05	1	13
scaffold_605	73204	336757	4.60	1	9
scaffold_606	73115	200254	2.74	1	6
scaffold_607	72890	475377	6.52	1	11
scaffold_608	72873	0	0.00	0	0
scaffold_609	72697	359450	4.94	1	10
scaffold_610	72610	588555	8.11	1	18
scaffold_611	72445	461806	6.37	1	12
scaffold_612	72349	0	0.00	0	0
scaffold_613	72123	7332	0.10	0	1
scaffold_614	72082	270059	3.75	0	10
scaffold_615	71939	342740	4.76	1	10
scaffold_616	71898	465054	6.47	0	19
scaffold_617	71744	0	0.00	0	0
scaffold_618	71470	423667	5.93	0	10
scaffold_619	71398	1052701	14.74	1	31
scaffold_620	71378	481512	6.75	2	12
scaffold_621	71173	390320	5.48	1	11
scaffold_622	70892	1960163	27.65	5	51
scaffold_623	70416	438867	6.23	0	16
scaffold_624	70351	1736	0.02	0	1
scaffold_625	70283	393389	5.60	1	10
scaffold_626	70277	89798	1.28	0	7
scaffold_627	70222	0	0.00	0	0
scaffold_628	69920	17276	0.25	0	1
scaffold_629	69640	298901	4.29	1	8
scaffold_630	69577	20640	0.30	0	2
scaffold_631	69552	0	0.00	0	0
scaffold_632	69382	0	0.00	0	0
scaffold_633	69313	678022	9.78	2	20
scaffold_634	68985	0	0.00	0	0
scaffold_635	68916	223170	3.24	0	8
scaffold_636	68775	329657	4.79	0	13
scaffold_637	68681	448799	6.53	1	13
scaffold_638	68088	232040	3.41	1	7
scaffold_639	67931	141202	2.08	0	10
scaffold_640	67812	1022198	15.07	2	37
scaffold_641	67806	444495	6.56	1	24
scaffold_642	67091	0	0.00	0	0
scaffold_643	66865	271023	4.05	1	10
scaffold_644	66502	0	0.00	0	0
scaffold_645	66451	219952	3.31	0	7
scaffold_646	66395	0	0.00	0	0
scaffold_647	66301	171054	2.58	0	7
scaffold_648	65713	356602	5.43	1	10
scaffold_649	65674	318317	4.85	0	10
scaffold_650	65551	176757	2.70	0	14
scaffold_651	65422	349914	5.35	1	9
scaffold_652	65406	245080	3.75	1	7
scaffold_653	65259	326252	5.00	1	8
scaffold_654	65241	1332461	20.42	1	31
scaffold_655	65128	420047	6.45	1	13
scaffold_656	65075	447997	6.88	3	12
scaffold_657	65067	337832	5.19	1	11
scaffold_658	64992	1083888	16.68	2	25
scaffold_659	64981	239503	3.69	1	7
scaffold_660	64877	572170	8.82	1	17
scaffold_661	64676	403272	6.24	1	10
scaffold_662	64663	1583412	24.49	4	49
scaffold_663	64659	713865	11.04	1	24
scaffold_664	64615	220108	3.41	1	7
scaffold_665	64519	1089267	16.88	1	32
scaffold_666	64455	286239	4.44	0	10
scaffold_667	64434	653	0.01	0	1
scaffold_668	64079	347314	5.42	1	12
scaffold_669	64050	397368	6.20	1	12
scaffold_670	64048	108110	1.69	0	8
scaffold_671	63853	138747	2.17	0	9
scaffold_672	63792	212324	3.33	0	8
scaffold_673	63704	185988	2.92	0	16
scaffold_674	63515	1571028	24.73	3	61
scaffold_675	63512	319141	5.02	1	9
scaffold_676	63386	1154826	18.22	4	31
scaffold_677	63113	288869	4.58	1	8
scaffold_678	63111	229745	3.64	0	10
scaffold_679	62970	0	0.00	0	0
scaffold_680	62957	1870786	29.72	1	47
scaffold_681	62761	10330	0.16	0	1
scaffold_682	62713	1376880	21.96	8	35
scaffold_683	62580	228199	3.65	1	9
scaffold_684	62451	308208	4.94	0	11
scaffold_685	62438	359636	5.76	0	16
scaffold_686	62428	240438	3.85	1	8
scaffold_687	62258	322302	5.18	1	9
scaffold_688	62213	316271	5.08	1	10
scaffold_689	62190	510134	8.20	1	14
scaffold_690	61931	276938	4.47	1	9
scaffold_691	61747	209288	3.39	1	7
scaffold_692	61741	287521	4.66	1	7
scaffold_693	61689	84903	1.38	0	3
scaffold_694	61664	384371	6.23	1	11
scaffold_695	61648	0	0.00	0	0
scaffold_696	61620	692875	11.24	2	18
scaffold_697	61615	297811	4.83	1	9
scaffold_698	61256	869463	14.19	1	28
scaffold_699	61254	1600574	26.13	2	40
scaffold_700	61112	231056	3.78	0	16
scaffold_701	61034	248228	4.07	1	9
scaffold_702	60974	380836	6.25	2	12
scaffold_703	60940	197995	3.25	1	7
scaffold_704	60859	1618367	26.59	3	41
scaffold_705	60723	0	0.00	0	0
scaffold_706	60625	0	0.00	0	0
scaffold_707	60528	188749	3.12	1	6
scaffold_708	60447	0	0.00	0	0
scaffold_709	60414	195809	3.24	0	16
scaffold_710	60339	0	0.00	0	0
scaffold_711	60285	296076	4.91	1	9
scaffold_712	60110	221813	3.69	1	8
scaffold_713	60092	0	0.00	0	0
scaffold_714	60079	1360858	22.65	1	38
scaffold_715	59996	456547	7.61	1	18
scaffold_716	59966	350780	5.85	1	11
scaffold_717	59781	204355	3.42	1	8
scaffold_718	59706	605278	10.14	0	22
scaffold_719	59648	350399	5.87	1	15
scaffold_720	59648	206509	3.46	0	8
scaffold_721	59600	7516	0.13	0	1
scaffold_722	59594	224039	3.76	0	9
scaffold_723	59557	257708	4.33	1	7
scaffold_724	59438	119340	2.01	0	5
scaffold_725	59395	241185	4.06	1	6
scaffold_726	59380	278553	4.69	1	9
scaffold_727	59368	1370560	23.09	3	36
scaffold_728	59140	184038	3.11	0	12
scaffold_729	58986	411135	6.97	1	13
scaffold_730	58899	25702	0.44	0	2
scaffold_731	58835	351050	5.97	1	12
scaffold_732	58808	229192	3.90	0	8
scaffold_733	58706	1099910	18.74	0	61
scaffold_734	58641	749042	12.77	1	23
scaffold_735	58543	208792	3.57	1	9
scaffold_736	58517	308495	5.27	2	12
scaffold_737	58378	620376	10.63	1	22
scaffold_738	58279	232765	3.99	1	8
scaffold_739	58275	303034	5.20	2	11
scaffold_740	58225	389348	6.69	1	17
scaffold_741	58129	0	0.00	0	0
scaffold_742	58017	236730	4.08	1	9
scaffold_743	57894	301943	5.22	1	11
scaffold_744	57615	595596	10.34	1	25
scaffold_745	57607	263097	4.57	1	9
scaffold_746	57584	1272853	22.10	1	61
scaffold_747	57550	216021	3.75	1	8
scaffold_748	57276	1110044	19.38	1	31
scaffold_749	57163	16477	0.29	0	1
scaffold_750	56779	1198690	21.11	2	40
scaffold_751	56754	270092	4.76	1	10
scaffold_752	56704	113568	2.00	0	8
scaffold_753	56612	272595	4.82	1	10
scaffold_754	56504	194203	3.44	0	31
scaffold_755	56450	230026	4.07	1	6
scaffold_756	56443	299785	5.31	1	10
scaffold_757	56394	300934	5.34	2	10
scaffold_758	56380	0	0.00	0	0
scaffold_759	56195	1179154	20.98	4	42
scaffold_760	56190	0	0.00	0	0
scaffold_761	56183	850498	15.14	0	57
scaffold_762	55915	174947	3.13	0	6
scaffold_763	55901	185732	3.32	0	5
scaffold_764	55716	332943	5.98	1	16
scaffold_765	55647	0	0.00	0	0
scaffold_766	55486	347444	6.26	1	10
scaffold_767	55473	172167	3.10	0	6
scaffold_768	55284	202202	3.66	0	8
scaffold_769	55015	283329	5.15	1	9
scaffold_770	55004	314335	5.71	1	12
scaffold_771	54919	257805	4.69	1	10
scaffold_772	54917	1333877	24.29	4	38
scaffold_773	54843	108627	1.98	1	6
scaffold_774	54814	0	0.00	0	0
scaffold_775	54622	1548595	28.35	4	52
scaffold_776	54571	365829	6.70	2	14
scaffold_777	54525	369671	6.78	0	12
scaffold_778	54504	214658	3.94	1	9
scaffold_779	54481	661397	12.14	1	26
scaffold_780	54462	260146	4.78	1	9
scaffold_781	54449	73833	1.36	0	4
scaffold_782	54297	343929	6.33	3	12
scaffold_783	54114	609512	11.26	4	17
scaffold_784	54044	0	0.00	0	0
scaffold_785	54036	156548	2.90	0	9
scaffold_786	53919	264685	4.91	1	7
scaffold_787	53900	214687	3.98	0	15
scaffold_788	53895	313923	5.82	1	12
scaffold_789	53755	165902	3.09	0	8
scaffold_790	53668	361212	6.73	2	12
scaffold_791	53638	949011	17.69	2	35
scaffold_792	53605	279513	5.21	1	10
scaffold_793	53348	122719	2.30	0	8
scaffold_794	53302	176293	3.31	1	5
scaffold_795	53171	118728	2.23	0	7
scaffold_796	53007	316668	5.97	1	11
scaffold_797	52881	0	0.00	0	0
scaffold_798	52866	401314	7.59	2	15
scaffold_799	52843	602271	11.40	1	22
scaffold_800	52840	217528	4.12	0	7
scaffold_801	52757	211730	4.01	2	7
scaffold_802	52462	845321	16.11	1	31
scaffold_803	52344	293544	5.61	2	11
scaffold_804	52247	353467	6.77	0	18
scaffold_805	52237	218476	4.18	1	7
scaffold_806	52183	457313	8.76	1	18
scaffold_807	52086	239314	4.59	1	11
scaffold_808	51992	0	0.00	0	0
scaffold_809	51910	278248	5.36	1	9
scaffold_810	51586	178027	3.45	1	6
scaffold_811	51493	109706	2.13	0	8
scaffold_812	51425	1155421	22.47	2	36
scaffold_813	51377	135696	2.64	1	5
scaffold_814	51292	0	0.00	0	0
scaffold_815	51278	320260	6.25	2	10
scaffold_816	51140	0	0.00	0	0
scaffold_817	51000	1296851	25.43	4	43
scaffold_818	50985	286054	5.61	1	9
scaffold_819	50969	243773	4.78	1	8
scaffold_820	50962	149969	2.94	1	5
scaffold_821	50959	427263	8.38	1	18
scaffold_822	50636	989758	19.55	4	35
scaffold_823	50517	590226	11.68	1	90
scaffold_824	50426	245976	4.88	1	8
scaffold_825	50416	366179	7.26	1	15
scaffold_826	50315	209750	4.17	1	7
scaffold_827	50213	59209	1.18	0	5
scaffold_828	50207	188999	3.76	1	8
scaffold_829	50192	258382	5.15	0	11
scaffold_830	50170	264450	5.27	1	11
scaffold_831	50137	142325	2.84	1	6
scaffold_832	50008	185274	3.70	1	6
scaffold_833	49973	425207	8.51	1	13
scaffold_834	49885	1010139	20.25	0	71
scaffold_835	49722	412223	8.29	0	22
scaffold_836	49683	74941	1.51	0	6
scaffold_837	49658	238289	4.80	1	9
scaffold_838	49599	876271	17.67	2	37
scaffold_839	49557	292730	5.91	0	13
scaffold_840	49514	196739	3.97	0	12
scaffold_841	49254	1067650	21.68	0	53
scaffold_842	49193	138565	2.82	0	7
scaffold_843	49163	321085	6.53	1	12
scaffold_844	49062	449403	9.16	1	14
scaffold_845	49037	263551	5.37	1	9
scaffold_846	49031	230621	4.70	1	13
scaffold_847	48995	562502	11.48	1	29
scaffold_848	48957	441482	9.02	1	19
scaffold_849	48919	361463	7.39	0	14
scaffold_850	48899	274304	5.61	1	9
scaffold_851	48856	23528	0.48	0	1
scaffold_852	48849	208133	4.26	1	8
scaffold_853	48740	163686	3.36	1	6
scaffold_854	48669	169463	3.48	1	9
scaffold_855	48661	347853	7.15	0	20
scaffold_856	48644	740317	15.22	1	30
scaffold_857	48584	368822	7.59	1	16
scaffold_858	48539	175699	3.62	1	6
scaffold_859	48528	223186	4.60	1	8
scaffold_860	48463	234164	4.83	1	8
scaffold_861	48441	794401	16.40	3	27
scaffold_862	48418	431778	8.92	1	25
scaffold_863	48332	917254	18.98	6	32
scaffold_864	48275	6827	0.14	0	1
scaffold_865	48172	283481	5.88	1	9
scaffold_866	48171	271505	5.64	0	13
scaffold_867	48036	190866	3.97	1	8
scaffold_868	48020	145965	3.04	1	7
scaffold_869	47999	86282	1.80	0	4
scaffold_870	47962	263217	5.49	1	11
scaffold_871	47911	233620	4.88	2	9
scaffold_872	47900	174124	3.64	2	6
scaffold_873	47863	318270	6.65	1	11
scaffold_874	47821	0	0.00	0	0
scaffold_875	47803	210174	4.40	1	8
scaffold_876	47794	698988	14.63	1	40
scaffold_877	47774	220081	4.61	1	8
scaffold_878	47489	187582	3.95	1	7
scaffold_879	47396	153875	3.25	1	6
scaffold_880	47315	14447	0.31	0	1
scaffold_881	47227	431514	9.14	1	15
scaffold_882	47109	0	0.00	0	0
scaffold_883	46934	239953	5.11	0	16
scaffold_884	46918	698434	14.89	1	32
scaffold_885	46873	157698	3.36	1	5
scaffold_886	46787	280333	5.99	1	9
scaffold_887	46738	500404	10.71	2	21
scaffold_888	46696	721593	15.45	1	32
scaffold_889	46681	168287	3.61	1	5
scaffold_890	46489	195832	4.21	1	9
scaffold_891	46422	130453	2.81	0	7
scaffold_892	46415	2032	0.04	0	2
scaffold_893	46414	510390	11.00	2	48
scaffold_894	46360	175532	3.79	1	6
scaffold_895	46344	114761	2.48	0	9
scaffold_896	46324	430607	9.30	0	25
scaffold_897	46316	289923	6.26	1	10
scaffold_898	46211	911499	19.72	2	33
scaffold_899	46173	961660	20.83	1	31
scaffold_900	46126	235003	5.09	1	9
scaffold_901	46069	740659	16.08	0	42
scaffold_902	46043	84990	1.85	0	5
scaffold_903	45958	127022	2.76	0	5
scaffold_904	45945	0	0.00	0	0
scaffold_905	45759	235965	5.16	1	8
scaffold_906	45717	197640	4.32	0	8
scaffold_907	45705	965762	21.13	1	42
scaffold_908	45652	278464	6.10	1	12
scaffold_909	45543	391969	8.61	1	18
scaffold_910	45524	440374	9.67	1	21
scaffold_911	45449	190611	4.19	1	7
scaffold_912	45411	127050	2.80	0	9
scaffold_913	45362	151282	3.33	1	6
scaffold_914	45297	534685	11.80	0	21
scaffold_915	45242	276972	6.12	1	11
scaffold_916	45235	162264	3.59	1	7
scaffold_917	45206	357526	7.91	1	16
scaffold_918	45186	84564	1.87	1	5
scaffold_919	45181	0	0.00	0	0
scaffold_920	45101	221504	4.91	1	10
scaffold_921	45053	213593	4.74	1	8
scaffold_922	45023	293194	6.51	1	13
scaffold_923	45018	0	0.00	0	0
scaffold_924	44992	132129	2.94	0	6
scaffold_925	44973	206979	4.60	1	8
scaffold_926	44927	229081	5.10	1	10
scaffold_927	44904	288049	6.41	0	15
scaffold_928	44879	178138	3.97	1	8
scaffold_929	44836	249998	5.58	1	10
scaffold_930	44777	973604	21.74	1	36
scaffold_931	44685	282255	6.32	1	11
scaffold_932	44660	270146	6.05	1	11
scaffold_933	44631	98301	2.20	1	5
scaffold_934	44627	485170	10.87	1	21
scaffold_935	44487	359143	8.07	1	17
scaffold_936	44360	857717	19.34	2	33
scaffold_937	44166	177909	4.03	2	6
scaffold_938	44029	127228	2.89	1	5
scaffold_939	43836	150680	3.44	1	7
scaffold_940	43718	144437	3.30	1	6
scaffold_941	43718	188180	4.30	1	8
scaffold_942	43713	119845	2.74	1	5
scaffold_943	43682	210292	4.81	2	9
scaffold_944	43612	1023885	23.48	1	39
scaffold_945	43439	364395	8.39	1	18
scaffold_946	43423	274917	6.33	1	12
scaffold_947	43277	209962	4.85	1	9
scaffold_948	43262	14775	0.34	0	1
scaffold_949	43258	241690	5.59	1	13
scaffold_950	43255	199223	4.61	1	8
scaffold_951	43238	168592	3.90	1	7
scaffold_952	43192	183264	4.24	1	7
scaffold_953	43157	0	0.00	0	0
scaffold_954	43154	817219	18.94	1	39
scaffold_955	43154	0	0.00	0	0
scaffold_956	43113	187942	4.36	1	9
scaffold_957	43096	297974	6.91	1	11
scaffold_958	43073	100627	2.34	0	5
scaffold_959	43041	674104	15.66	4	29
scaffold_960	42946	265160	6.17	1	12
scaffold_961	42932	142816	3.33	2	6
scaffold_962	42929	350368	8.16	1	16
scaffold_963	42834	5641	0.13	0	1
scaffold_964	42794	185995	4.35	1	10
scaffold_965	42789	173094	4.05	0	10
scaffold_966	42787	393281	9.19	1	19
scaffold_967	42714	153659	3.60	1	8
scaffold_968	42654	0	0.00	0	0
scaffold_969	42617	113371	2.66	0	7
scaffold_970	42489	0	0.00	0	0
scaffold_971	42410	204880	4.83	1	9
scaffold_972	42373	233716	5.52	1	9
scaffold_973	42349	238434	5.63	1	11
scaffold_974	42315	477286	11.28	0	20
scaffold_975	42269	736519	17.42	1	37
scaffold_976	42229	0	0.00	0	0
scaffold_977	42221	0	0.00	0	0
scaffold_978	42033	173057	4.12	1	8
scaffold_979	42022	106699	2.54	1	5
scaffold_980	42021	246386	5.86	1	9
scaffold_981	42010	132316	3.15	1	6
scaffold_982	41989	139503	3.32	1	8
scaffold_983	41987	586337	13.96	1	27
scaffold_984	41941	172909	4.12	1	9
scaffold_985	41914	210889	5.03	1	9
scaffold_986	41840	193980	4.64	1	9
scaffold_987	41793	132801	3.18	1	6
scaffold_988	41761	194062	4.65	1	9
scaffold_989	41679	643821	15.45	3	24
scaffold_990	41603	361132	8.68	1	21
scaffold_991	41587	259199	6.23	1	14
scaffold_992	41583	225531	5.42	1	12
scaffold_993	41533	407	0.01	0	1
scaffold_994	41426	273807	6.61	1	12
scaffold_995	41384	241427	5.83	1	11
scaffold_996	41364	1003608	24.26	4	38
scaffold_997	41317	72380	1.75	0	6
scaffold_998	41311	178180	4.31	1	8
scaffold_999	41302	232521	5.63	1	13
scaffold_1000	41246	256794	6.23	1	16
scaffold_1001	41177	221133	5.37	0	13
scaffold_1002	41134	0	0.00	0	0
scaffold_1003	41120	335197	8.15	2	13
scaffold_1004	41108	183125	4.45	1	9
scaffold_1005	41059	212978	5.19	1	8
scaffold_1006	41054	37259	0.91	0	2
scaffold_1007	41045	253041	6.16	3	8
scaffold_1008	41001	308849	7.53	1	14
scaffold_1009	40768	420640	10.32	2	15
scaffold_1010	40740	199081	4.89	1	8
scaffold_1011	40681	156734	3.85	1	6
scaffold_1012	40666	0	0.00	0	0
scaffold_1013	40624	166175	4.09	1	7
scaffold_1014	40549	0	0.00	0	0
scaffold_1015	40486	218690	5.40	1	10
scaffold_1016	40458	180060	4.45	1	8
scaffold_1017	40368	0	0.00	0	0
scaffold_1018	40298	268394	6.66	2	13
scaffold_1019	40286	246737	6.12	1	11
scaffold_1020	40286	463705	11.51	1	18
scaffold_1021	40251	142689	3.54	0	6
scaffold_1022	40240	164755	4.09	1	7
scaffold_1023	40230	156961	3.90	0	11
scaffold_1024	40139	163098	4.06	1	7
scaffold_1025	40114	183877	4.58	2	7
scaffold_1026	40035	174183	4.35	2	8
scaffold_1027	39996	377757	9.44	1	22
scaffold_1028	39984	133004	3.33	1	5
scaffold_1029	39958	166750	4.17	2	7
scaffold_1030	39922	640447	16.04	2	33
scaffold_1031	39901	316589	7.93	1	13
scaffold_1032	39889	98437	2.47	0	6
scaffold_1033	39830	140456	3.53	1	7
scaffold_1034	39719	0	0.00	0	0
scaffold_1035	39697	239093	6.02	1	14
scaffold_1036	39668	213765	5.39	1	11
scaffold_1037	39656	219434	5.53	1	8
scaffold_1038	39636	401279	10.12	1	19
scaffold_1039	39597	202496	5.11	1	8
scaffold_1040	39594	0	0.00	0	0
scaffold_1041	39576	160982	4.07	1	7
scaffold_1042	39497	100032	2.53	1	5
scaffold_1043	39380	186250	4.73	1	10
scaffold_1044	39375	297216	7.55	1	14
scaffold_1045	39296	145700	3.71	1	9
scaffold_1046	39238	130636	3.33	1	6
scaffold_1047	39232	125799	3.21	0	9
scaffold_1048	39218	0	0.00	0	0
scaffold_1049	39189	142098	3.63	1	7
scaffold_1050	39178	216247	5.52	1	10
scaffold_1051	39154	237092	6.06	2	11
scaffold_1052	39151	377310	9.64	1	20
scaffold_1053	39120	2886	0.07	0	1
scaffold_1054	39099	232187	5.94	0	12
scaffold_1055	39069	148657	3.80	1	6
scaffold_1056	39057	11101	0.28	0	1
scaffold_1057	39008	200241	5.13	1	9
scaffold_1058	38997	0	0.00	0	0
scaffold_1059	38940	1938082	49.77	11	103
scaffold_1060	38851	295391	7.60	1	14
scaffold_1061	38831	185385	4.77	1	10
scaffold_1062	38816	209906	5.41	1	10
scaffold_1063	38789	304718	7.86	0	12
scaffold_1064	38786	244237	6.30	1	13
scaffold_1065	38782	128422	3.31	1	6
scaffold_1066	38693	293727	7.59	1	15
scaffold_1067	38692	162862	4.21	1	8
scaffold_1068	38605	90320	2.34	1	6
scaffold_1069	38584	118924	3.08	1	6
scaffold_1070	38567	196629	5.10	2	8
scaffold_1071	38547	327407	8.49	1	13
scaffold_1072	38506	167900	4.36	1	7
scaffold_1073	38496	0	0.00	0	0
scaffold_1074	38495	150554	3.91	1	6
scaffold_1075	38480	14091	0.37	0	1
scaffold_1076	38462	157048	4.08	1	8
scaffold_1077	38425	621761	16.18	1	32
scaffold_1078	38378	110193	2.87	1	5
scaffold_1079	38287	260537	6.80	1	11
scaffold_1080	38284	892719	23.32	1	45
scaffold_1081	38278	135149	3.53	1	6
scaffold_1082	38266	883977	23.10	1	38
scaffold_1083	38204	202138	5.29	1	11
scaffold_1084	38164	154020	4.04	1	8
scaffold_1085	38104	177710	4.66	1	7
scaffold_1086	38087	0	0.00	0	0
scaffold_1087	38053	140806	3.70	1	7
scaffold_1088	37945	0	0.00	0	0
scaffold_1089	37906	673817	17.78	5	27
scaffold_1090	37809	0	0.00	0	0
scaffold_1091	37780	0	0.00	0	0
scaffold_1092	37714	135265	3.59	1	8
scaffold_1093	37696	530310	14.07	1	20
scaffold_1094	37694	47494	1.26	0	4
scaffold_1095	37685	263746	7.00	1	11
scaffold_1096	37550	289022	7.70	1	16
scaffold_1097	37385	585249	15.65	1	30
scaffold_1098	37369	85118	2.28	1	3
scaffold_1099	37268	354109	9.50	1	19
scaffold_1100	37256	0	0.00	0	0
scaffold_1101	37239	138639	3.72	1	6
scaffold_1102	37195	148629	4.00	1	8
scaffold_1103	37166	208373	5.61	1	10
scaffold_1104	37143	124245	3.35	1	6
scaffold_1105	37132	137828	3.71	1	6
scaffold_1106	37020	944324	25.51	4	39
scaffold_1107	37017	112472	3.04	0	6
scaffold_1108	36950	744295	20.14	3	34
scaffold_1109	36928	91454	2.48	1	5
scaffold_1110	36872	148311	4.02	1	8
scaffold_1111	36826	71453	1.94	0	4
scaffold_1112	36814	230287	6.26	1	14
scaffold_1113	36724	365624	9.96	1	21
scaffold_1114	36704	168521	4.59	1	8
scaffold_1115	36683	83814	2.28	0	6
scaffold_1116	36609	161422	4.41	1	7
scaffold_1117	36606	599940	16.39	3	28
scaffold_1118	36589	194197	5.31	1	8
scaffold_1119	36576	211324	5.78	1	9
scaffold_1120	36516	95347	2.61	1	5
scaffold_1121	36497	256483	7.03	1	13
scaffold_1122	36459	637866	17.50	3	31
scaffold_1123	36417	101570	2.79	1	6
scaffold_1124	36353	227405	6.26	0	13
scaffold_1125	36324	388324	10.69	1	14
scaffold_1126	36323	110838	3.05	1	5
scaffold_1127	36271	184752	5.09	1	9
scaffold_1128	36173	649803	17.96	2	29
scaffold_1129	36172	190151	5.26	1	9
scaffold_1130	36168	123492	3.41	1	6
scaffold_1131	36164	157179	4.35	1	7
scaffold_1132	36123	124047	3.43	1	6
scaffold_1133	36122	0	0.00	0	0
scaffold_1134	36097	140742	3.90	1	6
scaffold_1135	36051	160708	4.46	1	7
scaffold_1136	36047	152653	4.23	1	9
scaffold_1137	36043	136652	3.79	1	7
scaffold_1138	36005	172484	4.79	1	9
scaffold_1139	36004	0	0.00	0	0
scaffold_1140	35958	170840	4.75	1	9
scaffold_1141	35907	295484	8.23	1	15
scaffold_1142	35900	448367	12.49	1	22
scaffold_1143	35849	107770	3.01	1	5
scaffold_1144	35761	154105	4.31	1	8
scaffold_1145	35759	146470	4.10	1	10
scaffold_1146	35759	147905	4.14	1	7
scaffold_1147	35671	430398	12.07	0	25
scaffold_1148	35656	76974	2.16	1	5
scaffold_1149	35653	135146	3.79	1	6
scaffold_1150	35600	698164	19.61	6	31
scaffold_1151	35511	193271	5.44	1	12
scaffold_1152	35467	0	0.00	0	0
scaffold_1153	35452	98996	2.79	1	5
scaffold_1154	35430	166649	4.70	1	10
scaffold_1155	35409	150960	4.26	1	8
scaffold_1156	35386	110172	3.11	1	6
scaffold_1157	35298	302155	8.56	1	16
scaffold_1158	35296	1125	0.03	0	1
scaffold_1159	35281	142737	4.05	1	8
scaffold_1160	35257	75294	2.14	1	4
scaffold_1161	35239	5912	0.17	0	11
scaffold_1162	35239	140998	4.00	1	7
scaffold_1163	35172	130437	3.71	1	8
scaffold_1164	35120	78673	2.24	1	5
scaffold_1165	34982	246747	7.05	1	12
scaffold_1166	34960	128412	3.67	1	6
scaffold_1167	34952	114658	3.28	1	6
scaffold_1168	34902	244272	7.00	1	14
scaffold_1169	34866	208398	5.98	1	10
scaffold_1170	34813	238986	6.86	1	11
scaffold_1171	34792	76383	2.20	1	4
scaffold_1172	34737	135792	3.91	1	6
scaffold_1173	34634	184001	5.31	1	8
scaffold_1174	34600	152853	4.42	1	7
scaffold_1175	34589	246511	7.13	0	10
scaffold_1176	34579	93358	2.70	1	6
scaffold_1177	34566	155123	4.49	1	8
scaffold_1178	34547	127354	3.69	1	7
scaffold_1179	34525	175747	5.09	3	8
scaffold_1180	34503	124643	3.61	1	5
scaffold_1181	34491	128062	3.71	1	6
scaffold_1182	34480	3836	0.11	0	1
scaffold_1183	34472	502871	14.59	1	29
scaffold_1184	34465	179089	5.20	2	9
scaffold_1185	34412	0	0.00	0	0
scaffold_1186	34406	131892	3.83	0	8
scaffold_1187	34359	154491	4.50	1	7
scaffold_1188	34233	123590	3.61	1	7
scaffold_1189	34226	127208	3.72	1	10
scaffold_1190	34195	87526	2.56	1	5
scaffold_1191	34154	100019	2.93	1	5
scaffold_1192	34135	31481	0.92	0	3
scaffold_1193	34122	106244	3.11	1	5
scaffold_1194	34115	0	0.00	0	0
scaffold_1195	34067	115777	3.40	1	7
scaffold_1196	34046	482758	14.18	1	31
scaffold_1197	34039	126706	3.72	1	7
scaffold_1198	34036	169367	4.98	1	9
scaffold_1199	34032	260420	7.65	1	15
scaffold_1200	34019	201241	5.92	1	11
scaffold_1201	34018	143426	4.22	1	6
scaffold_1202	34015	95760	2.82	0	9
scaffold_1203	33973	429692	12.65	2	22
scaffold_1204	33956	126966	3.74	1	6
scaffold_1205	33950	99636	2.93	2	4
scaffold_1206	33931	48020	1.42	1	3
scaffold_1207	33921	122338	3.61	1	8
scaffold_1208	33852	210054	6.21	1	10
scaffold_1209	33835	185516	5.48	1	11
scaffold_1210	33830	212444	6.28	0	14
scaffold_1211	33781	56060	1.66	0	3
scaffold_1212	33735	0	0.00	0	0
scaffold_1213	33732	112410	3.33	1	6
scaffold_1214	33691	210547	6.25	1	13
scaffold_1215	33667	206360	6.13	1	11
scaffold_1216	33585	163936	4.88	1	11
scaffold_1217	33562	253281	7.55	1	12
scaffold_1218	33560	227481	6.78	1	12
scaffold_1219	33502	117595	3.51	1	7
scaffold_1220	33460	152442	4.56	1	8
scaffold_1221	33456	466972	13.96	2	22
scaffold_1222	33421	117820	3.53	1	6
scaffold_1223	33331	110008	3.30	1	7
scaffold_1224	33290	180886	5.43	1	10
scaffold_1225	33270	157480	4.73	1	8
scaffold_1226	33267	0	0.00	0	0
scaffold_1227	33262	10369	0.31	0	1
scaffold_1228	33233	175098	5.27	2	10
scaffold_1229	33223	88337	2.66	1	4
scaffold_1230	33200	352443	10.62	3	16
scaffold_1231	33128	93414	2.82	1	5
scaffold_1232	33128	27170	0.82	0	2
scaffold_1233	33126	107958	3.26	0	5
scaffold_1234	33078	0	0.00	0	0
scaffold_1235	33075	135024	4.08	1	8
scaffold_1236	33070	44177	1.34	1	2
scaffold_1237	33040	191026	5.78	1	9
scaffold_1238	33002	224689	6.81	1	13
scaffold_1239	33000	117435	3.56	1	6
scaffold_1240	32990	57995	1.76	0	3
scaffold_1241	32969	133518	4.05	1	6
scaffold_1242	32961	410481	12.45	2	19
scaffold_1243	32953	135127	4.10	1	8
scaffold_1244	32922	124916	3.79	0	8
scaffold_1245	32826	664541	20.24	4	30
scaffold_1246	32810	6642	0.20	0	1
scaffold_1247	32803	49237	1.50	0	3
scaffold_1248	32798	145827	4.45	1	8
scaffold_1249	32779	149009	4.55	2	7
scaffold_1250	32777	548305	16.73	1	34
scaffold_1251	32756	172553	5.27	1	9
scaffold_1252	32719	115705	3.54	1	8
scaffold_1253	32699	124797	3.82	1	8
scaffold_1254	32611	136962	4.20	1	8
scaffold_1255	32489	107376	3.30	1	6
scaffold_1256	32453	231752	7.14	1	11
scaffold_1257	32395	111140	3.43	1	6
scaffold_1258	32389	311527	9.62	3	15
scaffold_1259	32259	185893	5.76	1	10
scaffold_1260	32099	146544	4.57	0	11
scaffold_1261	32034	97594	3.05	1	5
scaffold_1262	31930	134208	4.20	1	6
scaffold_1263	31910	122754	3.85	0	10
scaffold_1264	31889	140950	4.42	3	7
scaffold_1265	31885	135369	4.25	1	6
scaffold_1266	31789	151057	4.75	2	9
scaffold_1267	31746	156315	4.92	1	10
scaffold_1268	31742	82103	2.59	1	4
scaffold_1269	31652	392563	12.40	2	22
scaffold_1270	31586	131103	4.15	1	8
scaffold_1271	31584	207406	6.57	0	17
scaffold_1272	31503	169340	5.38	1	9
scaffold_1273	31496	320846	10.19	1	20
scaffold_1274	31491	639664	20.31	1	33
scaffold_1275	31487	160910	5.11	1	9
scaffold_1276	31487	159551	5.07	1	8
scaffold_1277	31462	170549	5.42	1	10
scaffold_1278	31404	573864	18.27	4	35
scaffold_1279	31361	178806	5.70	1	9
scaffold_1280	31342	151603	4.84	1	11
scaffold_1281	31342	373878	11.93	1	18
scaffold_1282	31274	360787	11.54	1	22
scaffold_1283	31230	91698	2.94	1	4
scaffold_1284	31209	0	0.00	0	0
scaffold_1285	31196	5033	0.16	0	1
scaffold_1286	31196	0	0.00	0	0
scaffold_1287	31151	95753	3.07	0	5
scaffold_1288	31143	245963	7.90	1	14
scaffold_1289	31132	266607	8.56	0	23
scaffold_1290	31111	132950	4.27	2	6
scaffold_1291	31102	129790	4.17	1	7
scaffold_1292	31072	67983	2.19	1	4
scaffold_1293	30987	151733	4.90	1	9
scaffold_1294	30938	84572	2.73	1	5
scaffold_1295	30861	173475	5.62	1	13
scaffold_1296	30820	147952	4.80	1	7
scaffold_1297	30813	0	0.00	0	0
scaffold_1298	30802	245316	7.96	1	14
scaffold_1299	30728	63302	2.06	1	4
scaffold_1300	30705	12603	0.41	0	1
scaffold_1301	30639	193670	6.32	1	12
scaffold_1302	30638	193035	6.30	1	12
scaffold_1303	30622	103073	3.37	2	5
scaffold_1304	30619	340400	11.12	1	19
scaffold_1305	30541	357888	11.72	2	17
scaffold_1306	30445	107083	3.52	0	7
scaffold_1307	30438	133862	4.40	1	8
scaffold_1308	30430	26451	0.87	0	2
scaffold_1309	30406	167026	5.49	1	9
scaffold_1310	30373	93168	3.07	1	6
scaffold_1311	30355	163920	5.40	1	8
scaffold_1312	30289	176988	5.84	0	11
scaffold_1313	30282	77365	2.55	1	5
scaffold_1314	30266	420699	13.90	5	23
scaffold_1315	30222	129504	4.29	1	10
scaffold_1316	30167	120358	3.99	1	6
scaffold_1317	30164	162487	5.39	0	8
scaffold_1318	30127	112580	3.74	1	8
scaffold_1319	30028	141244	4.70	1	10
scaffold_1320	30022	127779	4.26	1	8
scaffold_1321	30007	78555	2.62	0	6
scaffold_1322	30003	32118	1.07	0	2
scaffold_1323	29963	157974	5.27	1	9
scaffold_1324	29946	84185	2.81	1	5
scaffold_1325	29909	29909	1.00	1	1
scaffold_1326	29895	235337	7.87	1	12
scaffold_1327	29860	200837	6.73	0	12
scaffold_1328	29813	259414	8.70	1	13
scaffold_1329	29808	0	0.00	0	0
scaffold_1330	29742	179783	6.04	2	11
scaffold_1331	29698	125536	4.23	1	6
scaffold_1332	29689	155058	5.22	1	10
scaffold_1333	29688	29688	1.00	1	1
scaffold_1334	29671	93834	3.16	1	6
scaffold_1335	29642	60856	2.05	0	6
scaffold_1336	29631	156061	5.27	1	10
scaffold_1337	29584	352958	11.93	1	16
scaffold_1338	29547	130557	4.42	1	8
scaffold_1339	29539	223813	7.58	1	12
scaffold_1340	29528	178378	6.04	1	10
scaffold_1341	29414	126643	4.31	1	9
scaffold_1342	29400	119614	4.07	1	7
scaffold_1343	29377	308067	10.49	1	18
scaffold_1344	29357	150927	5.14	1	9
scaffold_1345	29351	48872	1.67	1	3
scaffold_1346	29177	308990	10.59	2	16
scaffold_1347	29159	63309	2.17	0	5
scaffold_1348	29151	142366	4.88	1	9
scaffold_1349	29123	0	0.00	0	0
scaffold_1350	29108	158559	5.45	0	12
scaffold_1351	29098	120405	4.14	1	6
scaffold_1352	29036	861825	29.68	3	45
scaffold_1353	29003	183385	6.32	1	12
scaffold_1354	28990	85791	2.96	1	5
scaffold_1355	28987	77010	2.66	1	5
scaffold_1356	28810	258293	8.97	0	17
scaffold_1357	28791	121868	4.23	1	7
scaffold_1358	28764	0	0.00	0	0
scaffold_1359	28760	151866	5.28	1	9
scaffold_1360	28715	395696	13.78	5	22
scaffold_1361	28705	94759	3.30	1	6
scaffold_1362	28647	104262	3.64	1	7
scaffold_1363	28623	141189	4.93	1	6
scaffold_1364	28520	44614	1.56	0	3
scaffold_1365	28512	260315	9.13	5	13
scaffold_1366	28415	144438	5.08	1	8
scaffold_1367	28396	164831	5.80	1	10
scaffold_1368	28302	0	0.00	0	0
scaffold_1369	28286	128984	4.56	1	8
scaffold_1370	28259	173295	6.13	1	10
scaffold_1371	28251	234633	8.31	2	19
scaffold_1372	28235	28235	1.00	1	1
scaffold_1373	28229	835788	29.61	1	55
scaffold_1374	28222	95098	3.37	1	6
scaffold_1375	28218	212194	7.52	1	14
scaffold_1376	28200	112303	3.98	1	6
scaffold_1377	28158	135346	4.81	1	8
scaffold_1378	28155	74931	2.66	1	4
scaffold_1379	28147	134711	4.79	1	9
scaffold_1380	28121	64442	2.29	1	4
scaffold_1381	28112	119545	4.25	1	8
scaffold_1382	28100	8756	0.31	0	1
scaffold_1383	28099	85559	3.04	1	5
scaffold_1384	28065	117958	4.20	1	9
scaffold_1385	28046	0	0.00	0	0
scaffold_1386	28039	28039	1.00	1	1
scaffold_1387	28037	144514	5.15	1	9
scaffold_1388	28029	73066	2.61	1	4
scaffold_1389	27923	0	0.00	0	0
scaffold_1390	27874	161574	5.80	1	10
scaffold_1391	27861	113013	4.06	1	7
scaffold_1392	27860	64753	2.32	1	4
scaffold_1393	27851	100089	3.59	1	5
scaffold_1394	27843	112659	4.05	2	6
scaffold_1395	27839	68478	2.46	1	5
scaffold_1396	27785	235890	8.49	1	19
scaffold_1397	27775	0	0.00	0	0
scaffold_1398	27770	123063	4.43	1	7
scaffold_1399	27726	64486	2.33	1	4
scaffold_1400	27702	51859	1.87	1	4
scaffold_1401	27694	81801	2.95	1	4
scaffold_1402	27567	86874	3.15	1	6
scaffold_1403	27443	40133	1.46	1	2
scaffold_1404	27422	261314	9.53	4	16
scaffold_1405	27405	274548	10.02	1	19
scaffold_1406	27339	272304	9.96	1	17
scaffold_1407	27327	194706	7.13	3	13
scaffold_1408	27312	0	0.00	0	0
scaffold_1409	27296	121053	4.43	2	7
scaffold_1410	27273	259020	9.50	1	15
scaffold_1411	27243	0	0.00	0	0
scaffold_1412	27112	1342	0.05	0	2
scaffold_1413	27086	100896	3.73	1	8
scaffold_1414	27073	74618	2.76	1	5
scaffold_1415	27059	0	0.00	0	0
scaffold_1416	27052	144268	5.33	2	9
scaffold_1417	27007	32924	1.22	1	2
scaffold_1418	26993	223533	8.28	2	15
scaffold_1419	26993	110185	4.08	1	8
scaffold_1420	26934	113869	4.23	2	7
scaffold_1421	26893	162770	6.05	1	11
scaffold_1422	26841	83881	3.13	1	6
scaffold_1423	26836	105127	3.92	2	7
scaffold_1424	26811	69654	2.60	1	4
scaffold_1425	26790	0	0.00	0	0
scaffold_1426	26783	199681	7.46	1	11
scaffold_1427	26729	113055	4.23	1	8
scaffold_1428	26672	82909	3.11	0	6
scaffold_1429	26670	62009	2.33	1	5
scaffold_1430	26663	80897	3.03	1	6
scaffold_1431	26654	0	0.00	0	0
scaffold_1432	26627	126884	4.77	1	8
scaffold_1433	26607	106085	3.99	1	9
scaffold_1434	26604	347054	13.05	4	21
scaffold_1435	26593	170494	6.41	1	13
scaffold_1436	26593	129726	4.88	1	8
scaffold_1437	26576	71588	2.69	1	5
scaffold_1438	26545	158375	5.97	1	11
scaffold_1439	26513	0	0.00	0	0
scaffold_1440	26511	77014	2.90	1	6
scaffold_1441	26508	97272	3.67	1	7
scaffold_1442	26484	0	0.00	0	0
scaffold_1443	26483	121923	4.60	0	9
scaffold_1444	26437	103197	3.90	1	8
scaffold_1445	26355	40692	1.54	1	3
scaffold_1446	26355	148829	5.65	1	10
scaffold_1447	26262	90354	3.44	1	6
scaffold_1448	26258	50676	1.93	1	3
scaffold_1449	26246	0	0.00	0	0
scaffold_1450	26246	234312	8.93	1	16
scaffold_1451	26165	46283	1.77	1	3
scaffold_1452	26135	61202	2.34	1	4
scaffold_1453	26090	335842	12.87	1	25
scaffold_1454	26086	258971	9.93	1	17
scaffold_1455	26043	0	0.00	0	0
scaffold_1456	26035	239116	9.18	2	15
scaffold_1457	25955	110293	4.25	1	9
scaffold_1458	25926	86711	3.34	1	7
scaffold_1459	25892	64812	2.50	1	4
scaffold_1460	25839	88929	3.44	1	7
scaffold_1461	25833	149799	5.80	1	10
scaffold_1462	25816	34071	1.32	0	2
scaffold_1463	25804	87942	3.41	1	5
scaffold_1464	25803	122238	4.74	1	8
scaffold_1465	25801	305592	11.84	3	27
scaffold_1466	25741	468974	18.22	2	31
scaffold_1467	25724	616528	23.97	7	37
scaffold_1468	25723	345383	13.43	6	19
scaffold_1469	25720	215545	8.38	1	17
scaffold_1470	25708	111590	4.34	1	7
scaffold_1471	25686	276055	10.75	1	21
scaffold_1472	25676	737445	28.72	2	41
scaffold_1473	25563	82450	3.23	1	7
scaffold_1474	25549	46437	1.82	1	3
scaffold_1475	25531	62953	2.47	1	5
scaffold_1476	25507	76444	3.00	1	4
scaffold_1477	25506	153912	6.03	2	9
scaffold_1478	25503	166259	6.52	1	12
scaffold_1479	25499	0	0.00	0	0
scaffold_1480	25438	26504	1.04	0	2
scaffold_1481	25438	107692	4.23	1	8
scaffold_1482	25400	106107	4.18	1	6
scaffold_1483	25359	451548	17.81	5	25
scaffold_1484	25326	0	0.00	0	0
scaffold_1485	25310	194136	7.67	0	14
scaffold_1486	25306	239569	9.47	2	18
scaffold_1487	25237	142493	5.65	0	12
scaffold_1488	25221	142274	5.64	1	10
scaffold_1489	25221	187806	7.45	2	13
scaffold_1490	25216	154745	6.14	2	10
scaffold_1491	25211	44691	1.77	1	2
scaffold_1492	25074	211018	8.42	3	13
scaffold_1493	25069	152226	6.07	1	11
scaffold_1494	25054	151529	6.05	2	8
scaffold_1495	25021	93111	3.72	1	7
scaffold_1496	24967	24967	1.00	1	1
scaffold_1497	24908	194502	7.81	2	12
scaffold_1498	24862	127371	5.12	1	9
scaffold_1499	24842	166699	6.71	1	16
scaffold_1500	24825	0	0.00	0	0
scaffold_1501	24819	100986	4.07	1	7
scaffold_1502	24801	367961	14.84	1	26
scaffold_1503	24799	168992	6.81	1	11
scaffold_1504	24771	174871	7.06	1	11
scaffold_1505	24736	100893	4.08	2	6
scaffold_1506	24683	0	0.00	0	0
scaffold_1507	24637	435	0.02	0	1
scaffold_1508	24578	76120	3.10	1	6
scaffold_1509	24452	250249	10.23	3	16
scaffold_1510	24444	182218	7.45	1	13
scaffold_1511	24431	156213	6.39	1	11
scaffold_1512	24399	115710	4.74	1	9
scaffold_1513	24396	80570	3.30	1	7
scaffold_1514	24319	148280	6.10	1	11
scaffold_1515	24312	73001	3.00	1	5
scaffold_1516	24306	168924	6.95	1	13
scaffold_1517	24232	97609	4.03	1	7
scaffold_1518	24212	0	0.00	0	0
scaffold_1519	24159	135189	5.60	1	10
scaffold_1520	24149	28023	1.16	0	2
scaffold_1521	24104	352457	14.62	2	26
scaffold_1522	24040	26808	1.12	0	2
scaffold_1523	24040	0	0.00	0	0
scaffold_1524	24025	75368	3.14	1	4
scaffold_1525	24014	178791	7.45	2	13
scaffold_1526	24010	61288	2.55	1	5
scaffold_1527	23990	139372	5.81	1	9
scaffold_1528	23953	252171	10.53	1	18
scaffold_1529	23952	14975	0.63	0	1
scaffold_1530	23851	117068	4.91	0	9
scaffold_1531	23822	79207	3.32	1	6
scaffold_1532	23817	104189	4.37	2	6
scaffold_1533	23810	73671	3.09	1	5
scaffold_1534	23797	46031	1.93	1	3
scaffold_1535	23790	57136	2.40	1	5
scaffold_1536	23784	92999	3.91	1	7
scaffold_1537	23779	104361	4.39	1	9
scaffold_1539	23730	129190	5.44	1	10
scaffold_1540	23711	37237	1.57	1	3
scaffold_1541	23703	67063	2.83	1	5
scaffold_1542	23668	83476	3.53	1	7
scaffold_1543	23645	70265	2.97	1	5
scaffold_1544	23606	150561	6.38	1	10
scaffold_1545	23519	106033	4.51	1	7
scaffold_1546	23476	24530	1.04	0	2
scaffold_1547	23405	133535	5.71	1	11
scaffold_1548	23396	206252	8.82	1	16
scaffold_1549	23356	111379	4.77	1	8
scaffold_1550	23347	0	0.00	0	0
scaffold_1551	23327	69279	2.97	1	6
scaffold_1552	23326	68542	2.94	0	4
scaffold_1553	23320	86068	3.69	1	6
scaffold_1554	23284	0	0.00	0	0
scaffold_1555	23254	167210	7.19	1	14
scaffold_1556	23234	0	0.00	0	0
scaffold_1557	23179	108017	4.66	0	8
scaffold_1558	23153	85001	3.67	1	7
scaffold_1559	23110	12862	0.56	0	2
scaffold_1560	23074	0	0.00	0	0
scaffold_1561	23058	81278	3.52	2	5
scaffold_1562	23008	225535	9.80	0	16
scaffold_1563	22947	166175	7.24	3	11
scaffold_1564	22943	139265	6.07	1	11
scaffold_1565	22916	2372	0.10	0	1
scaffold_1566	22848	83605	3.66	2	6
scaffold_1568	22816	69811	3.06	1	6
scaffold_1569	22733	63692	2.80	1	5
scaffold_1570	22657	145928	6.44	1	11
scaffold_1571	22635	55236	2.44	1	5
scaffold_1572	22632	80484	3.56	1	6
scaffold_1573	22596	0	0.00	0	0
scaffold_1574	22560	157301	6.97	2	12
scaffold_1575	22549	138868	6.16	1	11
scaffold_1576	22541	242165	10.74	1	20
scaffold_1577	22536	102867	4.56	1	8
scaffold_1578	22497	0	0.00	0	0
scaffold_1579	22476	116220	5.17	1	9
scaffold_1580	22441	182817	8.15	2	15
scaffold_1581	22414	51156	2.28	1	4
scaffold_1582	22372	194352	8.69	1	14
scaffold_1583	22238	66204	2.98	1	6
scaffold_1584	22205	152087	6.85	1	12
scaffold_1585	22188	81107	3.66	1	6
scaffold_1586	22119	73972	3.34	1	5
scaffold_1587	22050	345562	15.67	1	26
scaffold_1588	22037	94807	4.30	1	7
scaffold_1589	21998	64605	2.94	1	5
scaffold_1590	21935	82469	3.76	1	6
scaffold_1591	21873	85447	3.91	1	8
scaffold_1592	21841	0	0.00	0	0
scaffold_1593	21830	240673	11.02	1	18
scaffold_1594	21786	0	0.00	0	0
scaffold_1595	21769	146118	6.71	2	9
scaffold_1596	21727	62459	2.87	1	5
scaffold_1597	21721	73679	3.39	1	6
scaffold_1598	21697	57102	2.63	1	4
scaffold_1599	21694	40988	1.89	0	4
scaffold_1600	21691	30319	1.40	0	3
scaffold_1601	21647	31766	1.47	0	3
scaffold_1602	21633	62415	2.89	1	5
scaffold_1603	21627	134540	6.22	1	9
scaffold_1604	21609	150311	6.96	1	13
scaffold_1605	21608	52059	2.41	0	4
scaffold_1606	21604	0	0.00	0	0
scaffold_1607	21584	0	0.00	0	0
scaffold_1608	21549	75113	3.49	0	6
scaffold_1609	21525	0	0.00	0	0
scaffold_1610	21517	111468	5.18	1	9
scaffold_1611	21504	127687	5.94	1	12
scaffold_1612	21482	83851	3.90	1	6
scaffold_1613	21482	34987	1.63	0	3
scaffold_1614	21478	0	0.00	0	0
scaffold_1615	21464	88942	4.14	1	8
scaffold_1616	21462	0	0.00	0	0
scaffold_1617	21453	48036	2.24	1	4
scaffold_1618	21351	71602	3.35	1	6
scaffold_1619	21341	257415	12.06	1	22
scaffold_1620	21304	72330	3.40	1	6
scaffold_1621	21269	298638	14.04	2	22
scaffold_1622	21222	58578	2.76	0	5
scaffold_1623	21200	108762	5.13	0	9
scaffold_1624	21190	178163	8.41	1	14
scaffold_1625	21184	113168	5.34	2	9
scaffold_1626	21183	66935	3.16	1	7
scaffold_1627	21180	384777	18.17	1	25
scaffold_1628	21088	91393	4.33	1	8
scaffold_1629	21085	92888	4.41	1	7
scaffold_1630	21038	170851	8.12	2	12
scaffold_1631	20989	0	0.00	0	0
scaffold_1632	20983	169202	8.06	2	11
scaffold_1633	20965	116629	5.56	1	9
scaffold_1634	20929	0	0.00	0	0
scaffold_1635	20918	0	0.00	0	0
scaffold_1636	20901	58828	2.81	1	5
scaffold_1637	20897	77387	3.70	1	6
scaffold_1638	20886	82800	3.96	1	7
scaffold_1639	20881	3057	0.15	0	1
scaffold_1640	20871	124925	5.99	1	10
scaffold_1641	20868	0	0.00	0	0
scaffold_1642	20786	239299	11.51	1	19
scaffold_1643	20782	99309	4.78	1	8
scaffold_1644	20691	71388	3.45	1	7
scaffold_1645	20688	179219	8.66	1	15
scaffold_1646	20650	252	0.01	0	1
scaffold_1647	20602	69325	3.36	0	5
scaffold_1648	20585	132237	6.42	2	11
scaffold_1649	20558	0	0.00	0	0
scaffold_1650	20532	64556	3.14	1	5
scaffold_1651	20491	177483	8.66	1	13
scaffold_1652	20456	84761	4.14	2	6
scaffold_1653	20456	85517	4.18	0	7
scaffold_1654	20455	52659	2.57	1	5
scaffold_1655	20444	49501	2.42	1	4
scaffold_1656	20398	132511	6.50	1	9
scaffold_1657	20393	129460	6.35	1	12
scaffold_1658	20361	70597	3.47	2	6
scaffold_1659	20341	57325	2.82	0	5
scaffold_1660	20337	130019	6.39	1	10
scaffold_1661	20311	64385	3.17	1	5
scaffold_1662	20299	79161	3.90	1	6
scaffold_1663	20279	0	0.00	0	0
scaffold_1664	20197	142416	7.05	1	13
scaffold_1665	20185	101494	5.03	1	8
scaffold_1666	20170	99961	4.96	1	8
scaffold_1667	20129	57509	2.86	1	5
scaffold_1668	20106	8495	0.42	0	1
scaffold_1669	20104	0	0.00	0	0
scaffold_1670	20100	116811	5.81	1	9
scaffold_1671	20081	96837	4.82	1	12
scaffold_1672	20067	141151	7.03	1	12
scaffold_1673	20050	754	0.04	0	1
scaffold_1674	20042	207487	10.35	1	16
scaffold_1675	20033	3636	0.18	0	1
scaffold_1676	19998	159303	7.97	1	13
scaffold_1677	19960	42963	2.15	0	3
scaffold_1678	19957	83451	4.18	2	6
scaffold_1679	19901	150824	7.58	2	18
scaffold_1680	19798	55646	2.81	1	5
scaffold_1681	19689	0	0.00	0	0
scaffold_1682	19612	154479	7.88	1	14
scaffold_1683	19580	220400	11.26	2	15
scaffold_1684	19550	0	0.00	0	0
scaffold_1685	19537	62205	3.18	1	5
scaffold_1686	19492	0	0.00	0	0
scaffold_1687	19476	101236	5.20	1	9
scaffold_1688	19446	28898	1.49	0	2
scaffold_1689	19395	92240	4.76	1	7
scaffold_1690	19375	89923	4.64	2	7
scaffold_1691	19336	119306	6.17	1	9
scaffold_1692	19209	0	0.00	0	0
scaffold_1693	19200	103086	5.37	1	9
scaffold_1694	19177	187725	9.79	2	16
scaffold_1695	19134	0	0.00	0	0
scaffold_1696	19125	59006	3.09	0	5
scaffold_1697	19117	42738	2.24	1	3
scaffold_1698	19107	32714	1.71	0	3
scaffold_1699	19053	22425	1.18	0	2
scaffold_1700	19051	97127	5.10	1	8
scaffold_1701	19040	95955	5.04	1	7
scaffold_1702	18972	105517	5.56	1	10
scaffold_1703	18957	70871	3.74	1	6
scaffold_1704	18758	55337	2.95	1	4
scaffold_1705	18748	88467	4.72	1	7
scaffold_1706	18696	0	0.00	0	0
scaffold_1707	18694	0	0.00	0	0
scaffold_1708	18633	0	0.00	0	0
scaffold_1709	18628	18628	1.00	1	1
scaffold_1710	18582	72172	3.88	1	6
scaffold_1711	18580	36664	1.97	0	3
scaffold_1712	18526	56209	3.03	1	5
scaffold_1713	18497	118786	6.42	1	9
scaffold_1714	18473	63233	3.42	1	5
scaffold_1715	18469	36732	1.99	1	3
scaffold_1716	18431	111094	6.03	1	8
scaffold_1717	18430	24303	1.32	0	2
scaffold_1718	18397	33347	1.81	0	3
scaffold_1719	18390	57657	3.14	1	4
scaffold_1720	18363	109465	5.96	2	9
scaffold_1721	18300	0	0.00	0	0
scaffold_1722	18273	74894	4.10	0	6
scaffold_1723	18266	157835	8.64	4	13
scaffold_1724	18261	0	0.00	0	0
scaffold_1725	18255	131016	7.18	1	10
scaffold_1726	18219	68586	3.76	1	6
scaffold_1727	18198	97387	5.35	1	10
scaffold_1728	18152	0	0.00	0	0
scaffold_1729	18126	65647	3.62	1	5
scaffold_1730	18058	63481	3.52	1	5
scaffold_1731	18041	147751	8.19	1	13
scaffold_1732	18022	79251	4.40	1	6
scaffold_1733	18017	0	0.00	0	0
scaffold_1734	17917	85069	4.75	1	10
scaffold_1735	17892	102270	5.72	1	8
scaffold_1736	17886	15927	0.89	0	2
scaffold_1737	17884	0	0.00	0	0
scaffold_1738	17868	53693	3.00	1	4
scaffold_1739	17864	26070	1.46	0	2
scaffold_1740	17842	90077	5.05	1	7
scaffold_1741	17834	177016	9.93	0	15
scaffold_1742	17816	86649	4.86	1	7
scaffold_1743	17812	54980	3.09	0	4
scaffold_1744	17758	96589	5.44	2	8
scaffold_1745	17756	143466	8.08	4	11
scaffold_1746	17674	64411	3.64	1	5
scaffold_1747	17624	289680	16.44	2	22
scaffold_1748	17563	128865	7.34	1	19
scaffold_1749	17549	74170	4.23	1	6
scaffold_1750	17535	91339	5.21	2	8
scaffold_1751	17524	246472	14.06	4	22
scaffold_1752	17502	0	0.00	0	0
scaffold_1753	17454	0	0.00	0	0
scaffold_1754	17405	180248	10.36	1	17
scaffold_1755	17399	63122	3.63	0	5
scaffold_1756	17388	8219	0.47	0	1
scaffold_1757	17377	138239	7.96	2	12
scaffold_1758	17372	50251	2.89	1	4
scaffold_1759	17357	26533	1.53	1	2
scaffold_1760	17271	0	0.00	0	0
scaffold_1761	17224	0	0.00	0	0
scaffold_1762	17202	47976	2.79	1	4
scaffold_1763	17177	0	0.00	0	0
scaffold_1764	17136	0	0.00	0	0
scaffold_1765	17071	17071	1.00	1	1
scaffold_1766	17047	0	0.00	0	0
scaffold_1767	16955	35849	2.11	0	3
scaffold_1768	16953	16947	1.00	0	1
scaffold_1769	16892	49368	2.92	0	4
scaffold_1770	16859	127403	7.56	2	10
scaffold_1771	16848	16848	1.00	1	1
scaffold_1772	16835	93937	5.58	2	8
scaffold_1773	16801	16801	1.00	1	1
scaffold_1774	16792	73444	4.37	1	6
scaffold_1775	16788	107473	6.40	2	8
scaffold_1776	16759	116418	6.95	2	10
scaffold_1777	16701	232590	13.93	4	28
scaffold_1778	16528	79715	4.82	1	7
scaffold_1779	16449	0	0.00	0	0
scaffold_1780	16434	109876	6.69	1	9
scaffold_1781	16426	78896	4.80	1	7
scaffold_1782	16349	23733	1.45	0	2
scaffold_1783	16327	121342	7.43	3	10
scaffold_1784	16310	87459	5.36	1	7
scaffold_1785	16241	39754	2.45	1	3
scaffold_1786	16217	45358	2.80	1	4
scaffold_1787	16212	44786	2.76	0	4
scaffold_1788	16204	26155	1.61	0	3
scaffold_1789	16182	168242	10.40	6	14
scaffold_1790	16174	73057	4.52	1	6
scaffold_1791	16146	27036	1.67	1	2
scaffold_1792	16113	103543	6.43	2	8
scaffold_1793	16102	86646	5.38	1	7
scaffold_1794	16059	0	0.00	0	0
scaffold_1795	16028	0	0.00	0	0
scaffold_1796	16022	73780	4.60	1	7
scaffold_1797	16001	3023	0.19	0	3
scaffold_1798	15980	0	0.00	0	0
scaffold_1799	15931	30427	1.91	1	3
scaffold_1800	15887	0	0.00	0	0
scaffold_1801	15886	44428	2.80	1	4
scaffold_1802	15875	0	0.00	0	0
scaffold_1803	15861	77711	4.90	1	7
scaffold_1804	15832	24910	1.57	1	2
scaffold_1805	15818	45329	2.87	1	4
scaffold_1806	15792	83404	5.28	1	8
scaffold_1807	15758	0	0.00	0	0
scaffold_1808	15755	174949	11.10	1	15
scaffold_1809	15752	460	0.03	0	1
scaffold_1810	15717	62479	3.98	0	5
scaffold_1811	15687	40418	2.58	1	3
scaffold_1812	15677	59427	3.79	1	5
scaffold_1813	15647	0	0.00	0	0
scaffold_1814	15642	47526	3.04	1	4
scaffold_1815	15630	0	0.00	0	0
scaffold_1816	15486	0	0.00	0	0
scaffold_1817	15422	20154	1.31	0	2
scaffold_1818	15402	26462	1.72	1	2
scaffold_1819	15367	88163	5.74	2	8
scaffold_1820	15309	0	0.00	0	0
scaffold_1821	15295	0	0.00	0	0
scaffold_1822	15291	72137	4.72	1	6
scaffold_1823	15285	35969	2.35	1	3
scaffold_1824	15258	48065	3.15	1	4
scaffold_1825	15253	0	0.00	0	0
scaffold_1826	15237	0	0.00	0	0
scaffold_1827	15231	0	0.00	0	0
scaffold_1828	15229	71681	4.71	1	6
scaffold_1829	15197	65116	4.28	0	5
scaffold_1830	15189	37906	2.50	0	3
scaffold_1831	15181	51323	3.38	1	4
scaffold_1832	15106	15106	1.00	1	1
scaffold_1833	15092	588	0.04	0	1
scaffold_1834	15055	10914	0.72	0	2
scaffold_1835	15053	0	0.00	0	0
scaffold_1836	15047	0	0.00	0	0
scaffold_1837	15005	0	0.00	0	0
scaffold_1838	14993	46546	3.10	1	4
scaffold_1839	14993	2459	0.16	0	2
scaffold_1840	14962	2881	0.19	0	1
scaffold_1841	14918	0	0.00	0	0
scaffold_1842	14906	14906	1.00	1	1
scaffold_1843	14896	68041	4.57	1	6
scaffold_1844	14852	25544	1.72	1	2
scaffold_1845	14817	71589	4.83	1	6
scaffold_1846	14783	0	0.00	0	0
scaffold_1847	14715	0	0.00	0	0
scaffold_1848	14689	52776	3.59	1	4
scaffold_1849	14679	83697	5.70	0	7
scaffold_1850	14640	67389	4.60	0	9
scaffold_1851	14635	46123	3.15	1	4
scaffold_1852	14630	2807	0.19	0	1
scaffold_1853	14613	48942	3.35	1	4
scaffold_1854	14603	92881	6.36	1	8
scaffold_1855	14593	39248	2.69	1	3
scaffold_1856	14585	36067	2.47	1	3
scaffold_1857	14508	27654	1.91	0	2
scaffold_1858	14498	26413	1.82	0	2
scaffold_1859	14496	46901	3.24	1	4
scaffold_1860	14452	0	0.00	0	0
scaffold_1861	14400	6258	0.43	0	1
scaffold_1862	14367	33389	2.32	1	3
scaffold_1863	14303	0	0.00	0	0
scaffold_1864	14251	0	0.00	0	0
scaffold_1865	14172	0	0.00	0	0
scaffold_1866	14143	46080	3.26	1	4
scaffold_1867	14102	50995	3.62	1	4
scaffold_1868	14052	62462	4.45	1	5
scaffold_1869	14042	0	0.00	0	0
scaffold_1870	14034	26688	1.90	1	2
scaffold_1871	14013	249	0.02	0	1
scaffold_1872	13958	0	0.00	0	0
scaffold_1873	13957	0	0.00	0	0
scaffold_1874	13845	27788	2.01	1	3
scaffold_1875	13840	9355	0.68	0	1
scaffold_1876	13828	32967	2.38	1	3
scaffold_1877	13673	0	0.00	0	0
scaffold_1878	13640	62568	4.59	1	6
scaffold_1879	13616	0	0.00	0	0
scaffold_1880	13582	23624	1.74	1	2
scaffold_1881	13564	9523	0.70	0	1
scaffold_1882	13556	37675	2.78	1	3
scaffold_1883	13553	0	0.00	0	0
scaffold_1884	13534	13534	1.00	1	1
scaffold_1885	13505	0	0.00	0	0
scaffold_1886	13360	52457	3.93	2	5
scaffold_1887	13342	34137	2.56	1	3
scaffold_1888	13304	24756	1.86	1	2
scaffold_1889	13301	0	0.00	0	0
scaffold_1890	13279	0	0.00	0	0
scaffold_1891	13260	0	0.00	0	0
scaffold_1892	13245	0	0.00	0	0
scaffold_1893	13231	13229	1.00	0	1
scaffold_1894	13180	0	0.00	0	0
scaffold_1895	13147	0	0.00	0	0
scaffold_1896	13024	44530	3.42	2	4
scaffold_1897	12992	0	0.00	0	0
scaffold_1898	12973	0	0.00	0	0
scaffold_1899	12938	52110	4.03	2	5
scaffold_1900	12880	0	0.00	0	0
scaffold_1901	12732	0	0.00	0	0
scaffold_1902	12723	0	0.00	0	0
scaffold_1903	12719	12719	1.00	1	1
scaffold_1904	12699	12652	1.00	0	1
scaffold_1905	12663	44556	3.52	1	4
scaffold_1906	12559	0	0.00	0	0
scaffold_1907	12539	0	0.00	0	0
scaffold_1908	12531	33410	2.67	1	3
scaffold_1909	12452	0	0.00	0	0
scaffold_1910	12450	0	0.00	0	0
scaffold_1911	12268	0	0.00	0	0
scaffold_1912	12187	0	0.00	0	0
scaffold_1913	12182	31405	2.58	0	3
scaffold_1914	12126	0	0.00	0	0
scaffold_1915	12077	0	0.00	0	0
scaffold_1916	12040	0	0.00	0	0
scaffold_1917	11837	0	0.00	0	0
scaffold_1918	11619	0	0.00	0	0
scaffold_1919	11563	0	0.00	0	0
scaffold_1920	11523	11523	1.00	1	1
scaffold_1921	11460	0	0.00	0	0
scaffold_1922	11452	0	0.00	0	0
scaffold_1923	11304	0	0.00	0	0
scaffold_1924	11245	0	0.00	0	0
scaffold_1925	11215	20549	1.83	1	2
scaffold_1926	11049	0	0.00	0	0
scaffold_1927	11036	0	0.00	0	0
scaffold_1928	10768	0	0.00	0	0
scaffold_1929	10743	0	0.00	0	0
scaffold_1930	10703	0	0.00	0	0
scaffold_1931	10647	34461	3.24	1	6
scaffold_1932	10436	0	0.00	0	0
scaffold_1933	10326	10326	1.00	1	1
scaffold_1934	10215	0	0.00	0	0
scaffold_1935	10200	0	0.00	0	0
scaffold_1936	10075	23240	2.31	1	3
scaffold_1937	10074	10074	1.00	1	1
scaffold_1938	9814	18233	1.86	1	2
scaffold_1939	9453	16199	1.71	0	4
scaffold_1940	9376	0	0.00	0	0
total	2155523626	59417003400	27.56	0	631
